2.469000000000000000e+03 2.000000000000000000e+03
2.068000000000000000e+03 1.923000000000000000e+03
1.754000000000000000e+03 1.877000000000000000e+03
1.500000000000000000e+03 1.840000000000000000e+03
1.729000000000000000e+03 1.982000000000000000e+03
1.424000000000000000e+03 1.926000000000000000e+03
1.200000000000000000e+03 1.871000000000000000e+03
2.085000000000000000e+03 2.052000000000000000e+03
1.621000000000000000e+03 2.135000000000000000e+03
1.280000000000000000e+03 2.046000000000000000e+03
1.014000000000000000e+03 1.972000000000000000e+03
8.130000000000000000e+02 1.920000000000000000e+03
