1.364000000000000000e+03 1.684000000000000000e+03
1.743000000000000000e+03 1.638000000000000000e+03
2.031000000000000000e+03 1.598000000000000000e+03
2.254000000000000000e+03 1.561000000000000000e+03
1.927000000000000000e+03 1.791000000000000000e+03
2.283000000000000000e+03 1.730000000000000000e+03
2.591000000000000000e+03 1.669000000000000000e+03
2.805000000000000000e+03 1.623000000000000000e+03
2.712000000000000000e+03 1.893000000000000000e+03
3.012000000000000000e+03 1.804000000000000000e+03
3.277000000000000000e+03 1.739000000000000000e+03
3.464000000000000000e+03 1.681000000000000000e+03
