4.888000030517578125e+02 1.390000000000000000e+03
5.600000000000000000e+02 1.385000000000000000e+03
4.865600051879882812e+02 1.197240005493164062e+03
5.060000000000000000e+02 1.208000000000000000e+03
5.910000000000000000e+02 1.390000000000000000e+03
6.480000000000000000e+02 1.214000000000000000e+03
6.544000015258789062e+02 1.328200012207031250e+03
6.966800155639648438e+02 1.332568023681640625e+03
6.550000038146972656e+02 1.196400009155273438e+03
7.080912170410156250e+02 1.338133514404296875e+03
7.484400024414062500e+02 1.339840026855468750e+03
8.543200073242187500e+02 1.348920013427734375e+03
9.666800079345703125e+02 1.418040008544921875e+03
1.039640014648437500e+03 1.211440002441406250e+03
9.664000091552734375e+02 1.416200012207031250e+03
9.267600021362304688e+02 1.195080001831054688e+03
9.704861068725585938e+02 1.193229156494140625e+03
1.018661819458007812e+03 1.204325454711914062e+03
1.044800003051757812e+03 1.150200012207031250e+03
1.148000000000000000e+03 1.062200000762939453e+03
1.294000000000000000e+03 1.193000000000000000e+03
1.309480010986328125e+03 1.096720001220703125e+03
1.382000000000000000e+03 1.193000000000000000e+03
1.516024017333984375e+03 1.456368041992187500e+03
1.364000007629394531e+03 1.193760009765625000e+03
1.549738647460937500e+03 1.191089019775390625e+03
1.616304046630859375e+03 1.192139221191406250e+03
1.572771224975585938e+03 1.112489616394042969e+03
1.565408012390136719e+03 1.198000015258789062e+03
1.839400024414062500e+03 1.188400009155273438e+03
1.785195213317871094e+03 1.304334442138671875e+03
1.900240005493164062e+03 1.493000030517578125e+03
1.920000000000000000e+03 1.215000000000000000e+03
1.950710418701171875e+03 1.190801635742187500e+03
1.943000000000000000e+03 1.178440002441406250e+03
2.103257202148437500e+03 1.050537498474121094e+03
2.237256027221679688e+03 1.047680015563964844e+03
2.350299240112304688e+03 1.197794677734375000e+03
2.447000000000000000e+03 1.035000000000000000e+03
2.652355300903320312e+03 1.190878784179687500e+03
2.661000000000000000e+03 1.195000000000000000e+03
2.661000000000000000e+03 1.195000000000000000e+03
2.721532821655273438e+03 1.194273651123046875e+03
2.819720001220703125e+03 1.139560012817382812e+03
2.894520004272460938e+03 1.202240020751953125e+03
3.186000000000000000e+03 1.080000000000000000e+03
3.279078636169433594e+03 1.193904998779296875e+03
3.476000000000000000e+03 1.148000000000000000e+03
3.641960006713867188e+03 1.197160003662109375e+03
3.738000000000000000e+03 1.196000000000000000e+03
3.730000000000000000e+03 1.584000000000000000e+03
3.770200000762939453e+03 1.605200000762939453e+03
