1.269043502807617188e+02 1.859993347167968750e+03
1.741824188232421875e+02 1.425512054443359375e+03
1.702011413574218750e+02 1.226299240112304688e+03
1.244160156250000000e+02 1.205416015625000000e+03
2.566000061035156250e+02 1.440600006103515625e+03
4.660000000000000000e+02 1.218000000000000000e+03
6.126000022888183594e+02 1.460760009765625000e+03
6.484000015258789062e+02 1.463000000000000000e+03
7.651600036621093750e+02 1.458080017089843750e+03
8.960000000000000000e+02 1.392000000000000000e+03
1.004680007934570312e+03 1.411032012939453125e+03
1.279918426513671875e+03 1.434966430664062500e+03
1.446814422607421875e+03 1.199281608581542969e+03
1.670004913330078125e+03 1.634402282714843750e+03
1.812000000000000000e+03 1.201000000000000000e+03
1.892000000000000000e+03 1.249000000000000000e+03
1.725000000000000000e+03 1.300600006103515625e+03
1.811000000000000000e+03 1.301000000000000000e+03
1.881551513671875000e+03 1.295313262939453125e+03
2.022000000000000000e+03 1.414000000000000000e+03
2.210824554443359375e+03 1.527493637084960938e+03
2.309145080566406250e+03 1.649729553222656250e+03
2.390200012207031250e+03 1.390240005493164062e+03
2.466738616943359375e+03 1.675687469482421875e+03
2.377000000000000000e+03 1.391000015258789062e+03
2.584279998779296875e+03 1.390000015258789062e+03
2.478509468078613281e+03 1.620409393310546875e+03
2.665000000000000000e+03 1.389000000000000000e+03
2.768360031127929688e+03 1.382139221191406250e+03
2.765182434082031250e+03 1.548364868164062500e+03
2.844200012207031250e+03 1.736200012207031250e+03
2.836400001525878906e+03 1.619000030517578125e+03
2.889416015625000000e+03 1.429264022827148438e+03
2.932000000000000000e+03 1.385000000000000000e+03
2.950195213317871094e+03 1.484550430297851562e+03
3.019717483520507812e+03 1.437416030883789062e+03
3.037078414916992188e+03 1.417164810180664062e+03
3.055828186035156250e+03 1.557323638916015625e+03
3.141000000000000000e+03 1.549000000000000000e+03
3.120608016967773438e+03 1.560376022338867188e+03
3.130000000000000000e+03 1.502680023193359375e+03
3.191000000000000000e+03 1.376000000000000000e+03
3.198000000000000000e+03 1.264000000000000000e+03
3.247000000000000000e+03 1.379000000000000000e+03
3.246000007629394531e+03 1.511200012207031250e+03
3.315000000000000000e+03 1.381600006103515625e+03
3.309600006103515625e+03 1.531544021606445312e+03
3.325504013061523438e+03 1.595928039550781250e+03
3.343600006103515625e+03 1.606400024414062500e+03
3.384000000000000000e+03 1.407000000000000000e+03
3.363584007263183594e+03 1.454152008056640625e+03
3.321000000000000000e+03 1.373000000000000000e+03
