1.000000000000000000e+17 1.000000000000000000e+17
1.000000000000000000e+17 1.000000000000000000e+17
1.000000000000000000e+17 1.000000000000000000e+17
1.000000000000000000e+17 1.000000000000000000e+17
1.000000000000000000e+17 1.000000000000000000e+17
1.000000000000000000e+17 1.000000000000000000e+17
1.000000000000000000e+17 1.000000000000000000e+17
1.000000000000000000e+17 1.000000000000000000e+17
1.000000000000000000e+17 1.000000000000000000e+17
1.000000000000000000e+17 1.000000000000000000e+17
1.000000000000000000e+17 1.000000000000000000e+17
1.000000000000000000e+17 1.000000000000000000e+17
1.000000000000000000e+17 1.000000000000000000e+17
1.000000000000000000e+17 1.000000000000000000e+17
1.000000000000000000e+17 1.000000000000000000e+17
1.000000000000000000e+17 1.000000000000000000e+17
1.000000000000000000e+17 1.000000000000000000e+17
1.000000000000000000e+17 1.000000000000000000e+17
1.000000000000000000e+17 1.000000000000000000e+17
1.000000000000000000e+17 1.000000000000000000e+17
1.000000000000000000e+17 1.000000000000000000e+17
1.000000000000000000e+17 1.000000000000000000e+17
1.000000000000000000e+17 1.000000000000000000e+17
1.000000000000000000e+17 1.000000000000000000e+17
1.000000000000000000e+17 1.000000000000000000e+17
1.000000000000000000e+17 1.000000000000000000e+17
1.000000000000000000e+17 1.000000000000000000e+17
1.000000000000000000e+17 1.000000000000000000e+17
1.000000000000000000e+17 1.000000000000000000e+17
1.000000000000000000e+17 1.000000000000000000e+17
1.000000000000000000e+17 1.000000000000000000e+17
1.000000000000000000e+17 1.000000000000000000e+17
1.000000000000000000e+17 1.000000000000000000e+17
1.000000000000000000e+17 1.000000000000000000e+17
1.000000000000000000e+17 1.000000000000000000e+17
1.000000000000000000e+17 1.000000000000000000e+17
1.000000000000000000e+17 1.000000000000000000e+17
1.000000000000000000e+17 1.000000000000000000e+17
1.000000000000000000e+17 1.000000000000000000e+17
1.120000000000000000e+02 1.651000000000000000e+03
1.775000000000000000e+02 1.250500000000000000e+03
3.345000000000000000e+02 1.411500000000000000e+03
3.805000000000000000e+02 1.461500000000000000e+03
4.770000000000000000e+02 1.439000000000000000e+03
6.205000000000000000e+02 1.329500000000000000e+03
7.885000000000000000e+02 1.364500000000000000e+03
9.000000000000000000e+02 1.429000000000000000e+03
9.985000000000000000e+02 1.413500000000000000e+03
1.092500000000000000e+03 1.426500000000000000e+03
1.259000000000000000e+03 1.477000000000000000e+03
1.394500000000000000e+03 1.435500000000000000e+03
1.517000000000000000e+03 1.369000000000000000e+03
1.611500000000000000e+03 1.447500000000000000e+03
1.740000000000000000e+03 1.313000000000000000e+03
1.794000000000000000e+03 1.345000000000000000e+03
1.861500000000000000e+03 1.367500000000000000e+03
1.954000000000000000e+03 1.406000000000000000e+03
2.048500000000000000e+03 1.411500000000000000e+03
2.128000000000000000e+03 1.609000000000000000e+03
2.209000000000000000e+03 1.583000000000000000e+03
2.273000000000000000e+03 1.312000000000000000e+03
2.316000000000000000e+03 1.329000000000000000e+03
2.375000000000000000e+03 1.360000000000000000e+03
2.451000000000000000e+03 1.321000000000000000e+03
2.473500000000000000e+03 1.332500000000000000e+03
2.564000000000000000e+03 1.365000000000000000e+03
2.646000000000000000e+03 1.457000000000000000e+03
2.708500000000000000e+03 1.328500000000000000e+03
2.730000000000000000e+03 1.339000000000000000e+03
2.773000000000000000e+03 1.341000000000000000e+03
2.822000000000000000e+03 1.331000000000000000e+03
2.871500000000000000e+03 1.340500000000000000e+03
2.922500000000000000e+03 1.313500000000000000e+03
2.963500000000000000e+03 1.431500000000000000e+03
2.992000000000000000e+03 1.452000000000000000e+03
3.024000000000000000e+03 1.458000000000000000e+03
3.051500000000000000e+03 1.445500000000000000e+03
3.070000000000000000e+03 1.441000000000000000e+03
3.089000000000000000e+03 1.432000000000000000e+03
3.108000000000000000e+03 1.341000000000000000e+03
3.156500000000000000e+03 1.296500000000000000e+03
3.187000000000000000e+03 1.318000000000000000e+03
3.220000000000000000e+03 1.325000000000000000e+03
3.243000000000000000e+03 1.327000000000000000e+03
3.254500000000000000e+03 1.347500000000000000e+03
3.278000000000000000e+03 1.417000000000000000e+03
3.299000000000000000e+03 1.426000000000000000e+03
3.312000000000000000e+03 1.390000000000000000e+03
3.337000000000000000e+03 1.378000000000000000e+03
3.356000000000000000e+03 1.393000000000000000e+03
3.372500000000000000e+03 1.400500000000000000e+03
3.387000000000000000e+03 1.405000000000000000e+03
3.397500000000000000e+03 1.416500000000000000e+03
