1.699200134277343750e+02 1.917720001220703125e+03
1.740000000000000000e+02 1.430600006103515625e+03
9.360000610351562500e+01 1.210919998168945312e+03
1.389312133789062500e+02 1.443880065917968750e+03
2.568400039672851562e+02 1.440600006103515625e+03
5.353973388671875000e+02 1.462374237060546875e+03
7.102712097167968750e+02 1.456472351074218750e+03
6.892000045776367188e+02 1.430600006103515625e+03
8.508342742919921875e+02 1.449970001220703125e+03
8.731280059814453125e+02 1.392024017333984375e+03
9.880912094116210938e+02 1.417598449707031250e+03
1.279918426513671875e+03 1.418377655029296875e+03
1.572640533447265625e+03 1.469430297851562500e+03
1.722000000000000000e+03 1.407000000000000000e+03
1.752888015747070312e+03 1.545344024658203125e+03
1.892800018310546875e+03 1.249400001525878906e+03
1.802271209716796875e+03 1.400836730957031250e+03
1.809760002136230469e+03 1.300639999389648438e+03
1.879600006103515625e+03 1.289400009155273438e+03
2.070760009765625000e+03 1.720240020751953125e+03
2.207241363525390625e+03 1.509577728271484375e+03
2.312131057739257812e+03 1.524318176269531250e+03
2.385972213745117188e+03 1.389018936157226562e+03
2.457200042724609375e+03 1.676516876220703125e+03
2.375848007202148438e+03 1.391000015258789062e+03
2.472200012207031250e+03 1.656400024414062500e+03
2.454639999389648438e+03 1.395320007324218750e+03
2.661600006103515625e+03 1.388600006103515625e+03
2.789096038818359375e+03 1.396654434204101562e+03
2.802680007934570312e+03 1.380000000000000000e+03
2.828072021484375000e+03 1.726120056152343750e+03
2.831600006103515625e+03 1.614200012207031250e+03
2.910152008056640625e+03 1.494928039550781250e+03
2.935400009155273438e+03 1.384000000000000000e+03
2.948951065063476562e+03 1.484135726928710938e+03
2.962486106872558594e+03 1.581738616943359375e+03
3.028784011840820312e+03 1.417164810180664062e+03
3.121000000000000000e+03 1.559000000000000000e+03
3.076900817871093750e+03 1.487299224853515625e+03
3.121299240112304688e+03 1.538948852539062500e+03
3.169168014526367188e+03 1.396984024047851562e+03
3.165856010437011719e+03 1.592704040527343750e+03
3.220000000000000000e+03 1.380000000000000000e+03
3.245000000000000000e+03 1.375000000000000000e+03
3.264960006713867188e+03 1.377760009765625000e+03
3.301800003051757812e+03 1.400800003051757812e+03
3.322800003051757812e+03 1.501400009155273438e+03
3.351000000000000000e+03 1.490000000000000000e+03
3.344800003051757812e+03 1.618400024414062500e+03
3.346160003662109375e+03 1.462040008544921875e+03
3.365600006103515625e+03 1.453000000000000000e+03
3.416000000000000000e+03 1.380000000000000000e+03
