4.884160156250000000e+02 1.389952026367187500e+03
5.640000000000000000e+02 1.385000000000000000e+03
4.850000000000000000e+02 1.191000000000000000e+03
5.730000000000000000e+02 1.365000000000000000e+03
6.300000000000000000e+02 1.388800018310546875e+03
6.278000030517578125e+02 1.383400024414062500e+03
7.148800201416015625e+02 1.396600036621093750e+03
6.738704147338867188e+02 1.394776062011718750e+03
7.220000000000000000e+02 1.397000000000000000e+03
7.080912170410156250e+02 1.338133514404296875e+03
7.584393920898437500e+02 1.325640533447265625e+03
8.548000030517578125e+02 1.349400024414062500e+03
9.666800079345703125e+02 1.418040008544921875e+03
1.071000000000000000e+03 1.191000000000000000e+03
1.028992019653320312e+03 1.422344024658203125e+03
1.109000000000000000e+03 1.095000000000000000e+03
1.052103027343750000e+03 1.252948852539062500e+03
1.013900817871093750e+03 1.208771224975585938e+03
1.044800003051757812e+03 1.150200012207031250e+03
1.175000000000000000e+03 1.375000000000000000e+03
1.292912017822265625e+03 1.192352020263671875e+03
1.260520004272460938e+03 1.384720001220703125e+03
1.384800003051757812e+03 1.193000000000000000e+03
1.539640014648437500e+03 1.463280029296875000e+03
1.364000007629394531e+03 1.194000000000000000e+03
1.453000000000000000e+03 1.457000000000000000e+03
1.384800003051757812e+03 1.189000015258789062e+03
1.572771224975585938e+03 1.112489616394042969e+03
1.621279998779296875e+03 1.205200012207031250e+03
1.839400024414062500e+03 1.188400009155273438e+03
1.867000000000000000e+03 1.491000000000000000e+03
1.882268814086914062e+03 1.401646453857421875e+03
1.919600006103515625e+03 1.214400009155273438e+03
1.952400009155273438e+03 1.178600006103515625e+03
1.940120010375976562e+03 1.182184020996093750e+03
2.025870414733886719e+03 1.211200042724609375e+03
2.245896011352539062e+03 1.044224006652832031e+03
2.350299240112304688e+03 1.197794677734375000e+03
2.446000000000000000e+03 1.034200004577636719e+03
2.656600006103515625e+03 1.190800003051757812e+03
2.668784011840820312e+03 1.192464019775390625e+03
2.660044502258300781e+03 1.195320373535156250e+03
2.820000015258789062e+03 1.139400009155273438e+03
2.813960014343261719e+03 1.137544021606445312e+03
2.923800003051757812e+03 1.096400009155273438e+03
3.182018936157226562e+03 1.081717483520507812e+03
3.383000000000000000e+03 1.195000000000000000e+03
3.472000000000000000e+03 1.129000000000000000e+03
3.641960006713867188e+03 1.197160003662109375e+03
3.737352020263671875e+03 1.192512008666992188e+03
3.673600002288818359e+03 1.671200012207031250e+03
3.807000000000000000e+03 1.626000000000000000e+03
