6.200000000000000000e+01 1.352000000000000000e+03
2.640000000000000000e+02 1.476000000000000000e+03
4.035000000000000000e+02 1.022500000000000000e+03
4.755000000000000000e+02 1.110500000000000000e+03
5.145000000000000000e+02 1.167500000000000000e+03
5.495000000000000000e+02 1.201500000000000000e+03
7.380000000000000000e+02 1.102000000000000000e+03
9.525000000000000000e+02 1.036500000000000000e+03
1.032500000000000000e+03 1.143500000000000000e+03
1.159500000000000000e+03 1.143500000000000000e+03
1.245500000000000000e+03 1.175500000000000000e+03
1.402500000000000000e+03 1.157500000000000000e+03
1.569500000000000000e+03 1.211500000000000000e+03
1.665500000000000000e+03 1.168500000000000000e+03
1.771000000000000000e+03 1.054000000000000000e+03
1.920500000000000000e+03 1.105500000000000000e+03
1.984500000000000000e+03 1.140500000000000000e+03
2.005500000000000000e+03 1.165500000000000000e+03
2.125000000000000000e+03 1.153000000000000000e+03
2.172500000000000000e+03 1.183500000000000000e+03
2.286000000000000000e+03 1.166000000000000000e+03
2.337000000000000000e+03 1.155000000000000000e+03
2.438000000000000000e+03 1.173000000000000000e+03
2.485000000000000000e+03 1.143000000000000000e+03
2.503500000000000000e+03 1.177500000000000000e+03
2.561000000000000000e+03 1.163000000000000000e+03
2.583500000000000000e+03 1.153500000000000000e+03
2.604000000000000000e+03 1.160000000000000000e+03
2.677500000000000000e+03 1.210500000000000000e+03
2.757500000000000000e+03 1.153500000000000000e+03
2.796500000000000000e+03 1.154500000000000000e+03
2.874500000000000000e+03 1.188500000000000000e+03
2.878500000000000000e+03 1.199500000000000000e+03
2.906000000000000000e+03 1.188000000000000000e+03
2.949000000000000000e+03 1.407000000000000000e+03
2.969500000000000000e+03 1.220500000000000000e+03
3.013000000000000000e+03 1.252000000000000000e+03
2.990500000000000000e+03 1.277500000000000000e+03
3.074500000000000000e+03 1.160500000000000000e+03
3.093500000000000000e+03 1.190500000000000000e+03
3.108500000000000000e+03 1.196500000000000000e+03
3.156500000000000000e+03 1.232500000000000000e+03
3.135500000000000000e+03 1.218500000000000000e+03
3.162500000000000000e+03 1.192500000000000000e+03
3.172500000000000000e+03 1.225500000000000000e+03
3.222000000000000000e+03 1.248000000000000000e+03
3.223000000000000000e+03 1.210000000000000000e+03
3.240000000000000000e+03 1.176000000000000000e+03
3.254500000000000000e+03 1.206500000000000000e+03
3.305000000000000000e+03 1.246000000000000000e+03
3.314000000000000000e+03 1.252000000000000000e+03
3.342000000000000000e+03 1.278000000000000000e+03
3.346500000000000000e+03 1.268500000000000000e+03
3.352000000000000000e+03 1.259000000000000000e+03
3.346000000000000000e+03 1.241000000000000000e+03
3.337000000000000000e+03 1.222000000000000000e+03
3.341000000000000000e+03 1.223000000000000000e+03
3.376000000000000000e+03 1.252000000000000000e+03
3.358500000000000000e+03 1.224500000000000000e+03
3.384500000000000000e+03 1.264500000000000000e+03
3.386500000000000000e+03 1.265500000000000000e+03
3.395500000000000000e+03 1.263500000000000000e+03
3.390000000000000000e+03 1.241000000000000000e+03
3.392500000000000000e+03 1.213500000000000000e+03
3.394000000000000000e+03 1.208000000000000000e+03
3.398000000000000000e+03 1.228000000000000000e+03
3.439000000000000000e+03 1.263000000000000000e+03
3.443000000000000000e+03 1.255000000000000000e+03
3.445500000000000000e+03 1.280500000000000000e+03
3.446000000000000000e+03 1.282000000000000000e+03
3.447000000000000000e+03 1.277000000000000000e+03
3.427500000000000000e+03 1.252500000000000000e+03
3.416500000000000000e+03 1.237500000000000000e+03
3.419000000000000000e+03 1.236000000000000000e+03
3.421000000000000000e+03 1.235000000000000000e+03
3.429500000000000000e+03 1.251500000000000000e+03
3.428500000000000000e+03 1.237500000000000000e+03
3.433500000000000000e+03 1.244500000000000000e+03
3.432500000000000000e+03 1.246500000000000000e+03
3.434000000000000000e+03 1.245000000000000000e+03
3.448000000000000000e+03 1.258000000000000000e+03
3.425500000000000000e+03 1.232500000000000000e+03
3.427000000000000000e+03 1.232000000000000000e+03
3.425500000000000000e+03 1.234500000000000000e+03
3.444000000000000000e+03 1.258000000000000000e+03
3.444000000000000000e+03 1.266000000000000000e+03
3.435000000000000000e+03 1.265000000000000000e+03
3.434000000000000000e+03 1.267000000000000000e+03
3.428000000000000000e+03 1.267000000000000000e+03
3.429000000000000000e+03 1.269000000000000000e+03
3.406500000000000000e+03 1.247500000000000000e+03
3.401000000000000000e+03 1.242000000000000000e+03
3.413500000000000000e+03 1.255500000000000000e+03
3.411500000000000000e+03 1.262500000000000000e+03
3.403000000000000000e+03 1.289000000000000000e+03
3.400500000000000000e+03 1.290500000000000000e+03
3.396500000000000000e+03 1.265500000000000000e+03
3.393500000000000000e+03 1.264500000000000000e+03
3.378000000000000000e+03 1.270000000000000000e+03
3.373000000000000000e+03 1.267000000000000000e+03
3.369500000000000000e+03 1.268500000000000000e+03
3.365500000000000000e+03 1.271500000000000000e+03
3.364000000000000000e+03 1.282000000000000000e+03
3.366500000000000000e+03 1.276500000000000000e+03
3.363500000000000000e+03 1.281500000000000000e+03
3.353000000000000000e+03 1.278000000000000000e+03
3.348000000000000000e+03 1.280000000000000000e+03
3.337500000000000000e+03 1.271500000000000000e+03
3.322000000000000000e+03 1.258000000000000000e+03
3.318500000000000000e+03 1.257500000000000000e+03
3.314000000000000000e+03 1.280000000000000000e+03
3.309500000000000000e+03 1.286500000000000000e+03
3.304000000000000000e+03 1.290000000000000000e+03
3.301000000000000000e+03 1.275000000000000000e+03
3.296500000000000000e+03 1.274500000000000000e+03
3.290500000000000000e+03 1.273500000000000000e+03
3.277500000000000000e+03 1.266500000000000000e+03
3.271500000000000000e+03 1.265500000000000000e+03
3.264000000000000000e+03 1.268000000000000000e+03
3.260000000000000000e+03 1.274000000000000000e+03
3.255500000000000000e+03 1.280500000000000000e+03
3.250000000000000000e+03 1.310000000000000000e+03
3.244000000000000000e+03 1.315000000000000000e+03
3.236000000000000000e+03 1.290000000000000000e+03
3.228000000000000000e+03 1.312000000000000000e+03
3.214000000000000000e+03 1.320000000000000000e+03
3.203000000000000000e+03 1.318000000000000000e+03
3.194500000000000000e+03 1.323500000000000000e+03
3.188500000000000000e+03 1.330500000000000000e+03
3.179500000000000000e+03 1.331500000000000000e+03
3.175000000000000000e+03 1.329000000000000000e+03
3.167500000000000000e+03 1.328500000000000000e+03
3.165000000000000000e+03 1.323000000000000000e+03
3.156000000000000000e+03 1.318000000000000000e+03
3.142000000000000000e+03 1.314000000000000000e+03
3.136000000000000000e+03 1.317000000000000000e+03
3.126000000000000000e+03 1.323000000000000000e+03
3.117500000000000000e+03 1.325500000000000000e+03
3.111000000000000000e+03 1.329000000000000000e+03
3.106000000000000000e+03 1.329000000000000000e+03
3.099500000000000000e+03 1.321500000000000000e+03
3.087500000000000000e+03 1.299500000000000000e+03
3.077000000000000000e+03 1.326000000000000000e+03
3.061500000000000000e+03 1.318500000000000000e+03
3.054000000000000000e+03 1.324000000000000000e+03
3.041000000000000000e+03 1.336000000000000000e+03
3.035000000000000000e+03 1.335000000000000000e+03
3.026000000000000000e+03 1.332000000000000000e+03
3.023000000000000000e+03 1.320000000000000000e+03
3.017500000000000000e+03 1.330500000000000000e+03
3.010500000000000000e+03 1.334500000000000000e+03
2.990500000000000000e+03 1.323500000000000000e+03
2.991000000000000000e+03 1.333000000000000000e+03
2.982000000000000000e+03 1.338000000000000000e+03
2.969000000000000000e+03 1.337000000000000000e+03
2.965000000000000000e+03 1.341000000000000000e+03
2.952500000000000000e+03 1.347500000000000000e+03
2.949000000000000000e+03 1.348000000000000000e+03
2.940500000000000000e+03 1.355500000000000000e+03
2.927000000000000000e+03 1.352000000000000000e+03
2.918500000000000000e+03 1.347500000000000000e+03
2.902000000000000000e+03 1.339000000000000000e+03
2.891000000000000000e+03 1.342000000000000000e+03
2.884000000000000000e+03 1.342000000000000000e+03
2.873000000000000000e+03 1.341000000000000000e+03
2.865500000000000000e+03 1.342500000000000000e+03
2.862000000000000000e+03 1.346000000000000000e+03
2.855500000000000000e+03 1.348500000000000000e+03
2.844000000000000000e+03 1.346000000000000000e+03
2.834000000000000000e+03 1.343000000000000000e+03
2.830500000000000000e+03 1.345500000000000000e+03
2.813500000000000000e+03 1.337500000000000000e+03
2.803000000000000000e+03 1.343000000000000000e+03
2.797500000000000000e+03 1.343500000000000000e+03
2.789500000000000000e+03 1.346500000000000000e+03
2.783000000000000000e+03 1.342000000000000000e+03
2.775000000000000000e+03 1.343000000000000000e+03
2.759000000000000000e+03 1.331000000000000000e+03
2.746000000000000000e+03 1.330000000000000000e+03
2.739000000000000000e+03 1.326000000000000000e+03
2.728500000000000000e+03 1.322500000000000000e+03
2.718500000000000000e+03 1.324500000000000000e+03
2.707500000000000000e+03 1.339500000000000000e+03
2.700500000000000000e+03 1.326500000000000000e+03
2.695500000000000000e+03 1.347500000000000000e+03
2.687000000000000000e+03 1.350000000000000000e+03
2.678000000000000000e+03 1.349000000000000000e+03
2.666500000000000000e+03 1.344500000000000000e+03
2.659500000000000000e+03 1.342500000000000000e+03
2.648500000000000000e+03 1.339500000000000000e+03
2.637000000000000000e+03 1.341000000000000000e+03
2.629500000000000000e+03 1.346500000000000000e+03
2.622500000000000000e+03 1.353500000000000000e+03
2.618500000000000000e+03 1.350500000000000000e+03
2.609000000000000000e+03 1.351000000000000000e+03
2.599500000000000000e+03 1.350500000000000000e+03
2.586000000000000000e+03 1.347000000000000000e+03
2.573500000000000000e+03 1.343500000000000000e+03
2.564500000000000000e+03 1.344500000000000000e+03
2.555000000000000000e+03 1.343000000000000000e+03
2.542500000000000000e+03 1.343500000000000000e+03
2.537500000000000000e+03 1.348500000000000000e+03
2.532500000000000000e+03 1.353500000000000000e+03
2.525000000000000000e+03 1.355000000000000000e+03
2.508000000000000000e+03 1.349000000000000000e+03
2.500500000000000000e+03 1.346500000000000000e+03
2.493500000000000000e+03 1.343500000000000000e+03
