9.914253768920898438e+02 1.109542419433593750e+03
1.347032012939453125e+03 1.259280029296875000e+03
1.454200012207031250e+03 1.368600036621093750e+03
1.869000000000000000e+03 1.105000000000000000e+03
1.766103027343750000e+03 9.953553009033203125e+02
1.855243179321289062e+03 1.015160903930664062e+03
1.816400001525878906e+03 1.116400009155273438e+03
1.930182418823242188e+03 1.764102539062500000e+03
2.159000000000000000e+03 1.587000000000000000e+03
2.297624023437500000e+03 1.569552062988281250e+03
2.297641632080078125e+03 1.569552124023437500e+03
2.348052841186523438e+03 1.564184082031250000e+03
2.539800018310546875e+03 1.067440002441406250e+03
2.528680007934570312e+03 1.070040008544921875e+03
2.469440002441406250e+03 1.065680007934570312e+03
2.452649612426757812e+03 1.104416015625000000e+03
2.496000000000000000e+03 1.082000000000000000e+03
2.488000000000000000e+03 1.543000000000000000e+03
2.503040000915527344e+03 1.540040039062500000e+03
2.630000000000000000e+03 1.102000000000000000e+03
2.673000000000000000e+03 1.087000000000000000e+03
2.741000003814697266e+03 1.034600002288818359e+03
2.826355300903320312e+03 1.448939758300781250e+03
2.955004913330078125e+03 1.437065917968750000e+03
2.984000000000000000e+03 1.623000000000000000e+03
3.009600006103515625e+03 1.405800018310546875e+03
2.859000000000000000e+03 1.406000000000000000e+03
2.920787551879882812e+03 1.334691894531250000e+03
3.083931213378906250e+03 1.294347229003906250e+03
3.111834274291992188e+03 1.290948852539062500e+03
3.068488006591796875e+03 1.375944030761718750e+03
3.103017608642578125e+03 1.417481658935546875e+03
3.198000000000000000e+03 1.330000000000000000e+03
3.200200012207031250e+03 1.521800018310546875e+03
3.202000000000000000e+03 1.571000000000000000e+03
3.197048019409179688e+03 1.411745635986328125e+03
3.173000000000000000e+03 1.330000000000000000e+03
3.234044502258300781e+03 1.381551757812500000e+03
3.263974418640136719e+03 1.379788848876953125e+03
3.264565528869628906e+03 1.360836730957031250e+03
3.305974418640136719e+03 1.378758438110351562e+03
3.320974418640136719e+03 1.410420837402343750e+03
3.324560005187988281e+03 1.361760009765625000e+03
3.277960002899169922e+03 1.331840011596679688e+03
3.349400001525878906e+03 1.350000015258789062e+03
3.360504013061523438e+03 1.421760040283203125e+03
3.379000000000000000e+03 1.415000000000000000e+03
3.334576011657714844e+03 1.407568023681640625e+03
3.364400009155273438e+03 1.370368026733398438e+03
3.386408012390136719e+03 1.421928039550781250e+03
3.392136009216308594e+03 1.454304016113281250e+03
3.389044502258300781e+03 1.423761993408203125e+03
3.397496009826660156e+03 1.419568023681640625e+03
3.407000000000000000e+03 1.425000000000000000e+03
3.397944007873535156e+03 1.381288024902343750e+03
3.375000000000000000e+03 1.336000000000000000e+03
3.411944015502929688e+03 1.360360031127929688e+03
3.456000000000000000e+03 1.390000000000000000e+03
3.468144012451171875e+03 1.323880020141601562e+03
3.439000000000000000e+03 1.450000000000000000e+03
3.396000000000000000e+03 1.341000000000000000e+03
3.389640003204345703e+03 1.325520004272460938e+03
3.448000000000000000e+03 1.411000000000000000e+03
3.394400001525878906e+03 1.331400009155273438e+03
3.442000000000000000e+03 1.406000015258789062e+03
3.430200004577636719e+03 1.351800003051757812e+03
3.426000000000000000e+03 1.374000000000000000e+03
3.434880004882812500e+03 1.353880004882812500e+03
3.464600006103515625e+03 1.297800003051757812e+03
3.428120010375976562e+03 1.408464019775390625e+03
3.449164810180664062e+03 1.433347229003906250e+03
3.412200000762939453e+03 1.374000015258789062e+03
3.436800003051757812e+03 1.372600006103515625e+03
3.397000000000000000e+03 1.335000000000000000e+03
3.442800003051757812e+03 1.356400009155273438e+03
3.397000000000000000e+03 1.333000000000000000e+03
3.453000000000000000e+03 1.362200012207031250e+03
3.391000000000000000e+03 1.313000000000000000e+03
3.443800003051757812e+03 1.291200004577636719e+03
3.442040000915527344e+03 1.289240005493164062e+03
3.379000000000000000e+03 1.328000000000000000e+03
3.422000000000000000e+03 1.365000000000000000e+03
3.409800003051757812e+03 1.384280014038085938e+03
3.403040000915527344e+03 1.356279998779296875e+03
3.398752006530761719e+03 1.355600006103515625e+03
3.395000000000000000e+03 1.352000000000000000e+03
3.370200000762939453e+03 1.378400009155273438e+03
3.384200000762939453e+03 1.350000000000000000e+03
3.380720001220703125e+03 1.349040008544921875e+03
3.375000000000000000e+03 1.362000000000000000e+03
3.376000000000000000e+03 1.352000000000000000e+03
3.364520000457763672e+03 1.403000000000000000e+03
3.381000000000000000e+03 1.409000000000000000e+03
3.388800003051757812e+03 1.325200004577636719e+03
3.367000000000000000e+03 1.357000000000000000e+03
3.367000000000000000e+03 1.409000000000000000e+03
3.365000000000000000e+03 1.314000000000000000e+03
3.346680000305175781e+03 1.346919998168945312e+03
3.333000000000000000e+03 1.394000000000000000e+03
3.327000000000000000e+03 1.401000000000000000e+03
3.324000000000000000e+03 1.415000000000000000e+03
3.317000000000000000e+03 1.360000000000000000e+03
3.304000000000000000e+03 1.377000000000000000e+03
3.292800003051757812e+03 1.389200012207031250e+03
3.311000000000000000e+03 1.299000000000000000e+03
3.306000000000000000e+03 1.300000000000000000e+03
1.000000000000000000e+17 1.000000000000000000e+17
3.265000000000000000e+03 1.401000000000000000e+03
3.253000000000000000e+03 1.371000000000000000e+03
3.249000000000000000e+03 1.390000000000000000e+03
3.249000000000000000e+03 1.386800003051757812e+03
3.258000000000000000e+03 1.414000000000000000e+03
3.258000000000000000e+03 1.414000000000000000e+03
3.247000000000000000e+03 1.399000000000000000e+03
3.246000000000000000e+03 1.397000000000000000e+03
3.225000000000000000e+03 1.352000000000000000e+03
3.203000000000000000e+03 1.392000000000000000e+03
3.185000000000000000e+03 1.387000000000000000e+03
3.195000000000000000e+03 1.354000000000000000e+03
3.177200000762939453e+03 1.360400001525878906e+03
3.171000000000000000e+03 1.356000000000000000e+03
3.154200000762939453e+03 1.386000007629394531e+03
3.149000000000000000e+03 1.354000000000000000e+03
3.167000000000000000e+03 1.336000000000000000e+03
3.141000000000000000e+03 1.350000000000000000e+03
3.135000000000000000e+03 1.354000000000000000e+03
3.131000000000000000e+03 1.386000000000000000e+03
3.116000000000000000e+03 1.407000000000000000e+03
3.115000000000000000e+03 1.394000000000000000e+03
3.104800003051757812e+03 1.389000007629394531e+03
3.102000003814697266e+03 1.367200004577636719e+03
3.096000000000000000e+03 1.310000000000000000e+03
3.091000000000000000e+03 1.320000000000000000e+03
3.063000000000000000e+03 1.397000000000000000e+03
1.000000000000000000e+17 1.000000000000000000e+17
3.046000000000000000e+03 1.391000000000000000e+03
3.039000000000000000e+03 1.359000000000000000e+03
1.000000000000000000e+17 1.000000000000000000e+17
3.021000000000000000e+03 1.360000000000000000e+03
3.025000000000000000e+03 1.333000000000000000e+03
3.017000000000000000e+03 1.329000000000000000e+03
1.000000000000000000e+17 1.000000000000000000e+17
1.000000000000000000e+17 1.000000000000000000e+17
2.982000000000000000e+03 1.380000000000000000e+03
2.972000000000000000e+03 1.380000000000000000e+03
1.000000000000000000e+17 1.000000000000000000e+17
2.954800003051757812e+03 1.359400001525878906e+03
2.943000000000000000e+03 1.357000000000000000e+03
2.943000000000000000e+03 1.338000000000000000e+03
2.934000000000000000e+03 1.338000000000000000e+03
2.925000000000000000e+03 1.338000000000000000e+03
1.000000000000000000e+17 1.000000000000000000e+17
1.000000000000000000e+17 1.000000000000000000e+17
1.000000000000000000e+17 1.000000000000000000e+17
1.000000000000000000e+17 1.000000000000000000e+17
1.000000000000000000e+17 1.000000000000000000e+17
2.858000000000000000e+03 1.360000000000000000e+03
2.855000000000000000e+03 1.372000000000000000e+03
1.000000000000000000e+17 1.000000000000000000e+17
1.000000000000000000e+17 1.000000000000000000e+17
1.000000000000000000e+17 1.000000000000000000e+17
1.000000000000000000e+17 1.000000000000000000e+17
1.000000000000000000e+17 1.000000000000000000e+17
1.000000000000000000e+17 1.000000000000000000e+17
1.000000000000000000e+17 1.000000000000000000e+17
2.787000000000000000e+03 1.336000000000000000e+03
2.778200000762939453e+03 1.335400001525878906e+03
1.000000000000000000e+17 1.000000000000000000e+17
1.000000000000000000e+17 1.000000000000000000e+17
1.000000000000000000e+17 1.000000000000000000e+17
1.000000000000000000e+17 1.000000000000000000e+17
1.000000000000000000e+17 1.000000000000000000e+17
1.000000000000000000e+17 1.000000000000000000e+17
1.000000000000000000e+17 1.000000000000000000e+17
1.000000000000000000e+17 1.000000000000000000e+17
2.692000000000000000e+03 1.356000000000000000e+03
2.676000000000000000e+03 1.356000000000000000e+03
1.000000000000000000e+17 1.000000000000000000e+17
1.000000000000000000e+17 1.000000000000000000e+17
1.000000000000000000e+17 1.000000000000000000e+17
1.000000000000000000e+17 1.000000000000000000e+17
1.000000000000000000e+17 1.000000000000000000e+17
1.000000000000000000e+17 1.000000000000000000e+17
2.618000000000000000e+03 1.383000000000000000e+03
2.607000000000000000e+03 1.380000000000000000e+03
2.600000000000000000e+03 1.373000000000000000e+03
1.000000000000000000e+17 1.000000000000000000e+17
1.000000000000000000e+17 1.000000000000000000e+17
1.000000000000000000e+17 1.000000000000000000e+17
1.000000000000000000e+17 1.000000000000000000e+17
1.000000000000000000e+17 1.000000000000000000e+17
1.000000000000000000e+17 1.000000000000000000e+17
1.000000000000000000e+17 1.000000000000000000e+17
1.000000000000000000e+17 1.000000000000000000e+17
1.000000000000000000e+17 1.000000000000000000e+17
1.000000000000000000e+17 1.000000000000000000e+17
1.000000000000000000e+17 1.000000000000000000e+17
