1.000000000000000000e+17 1.000000000000000000e+17
1.000000000000000000e+17 1.000000000000000000e+17
1.000000000000000000e+17 1.000000000000000000e+17
1.000000000000000000e+17 1.000000000000000000e+17
1.000000000000000000e+17 1.000000000000000000e+17
1.000000000000000000e+17 1.000000000000000000e+17
1.000000000000000000e+17 1.000000000000000000e+17
1.000000000000000000e+17 1.000000000000000000e+17
1.000000000000000000e+17 1.000000000000000000e+17
1.000000000000000000e+17 1.000000000000000000e+17
1.000000000000000000e+17 1.000000000000000000e+17
1.000000000000000000e+17 1.000000000000000000e+17
1.850000000000000000e+01 1.162500000000000000e+03
2.650000000000000000e+01 1.167500000000000000e+03
3.200000000000000000e+01 1.127000000000000000e+03
3.800000000000000000e+01 1.127000000000000000e+03
4.400000000000000000e+01 1.128000000000000000e+03
4.900000000000000000e+01 1.130000000000000000e+03
5.600000000000000000e+01 1.137000000000000000e+03
8.250000000000000000e+01 1.163500000000000000e+03
7.550000000000000000e+01 1.161500000000000000e+03
9.250000000000000000e+01 1.168500000000000000e+03
2.330000000000000000e+02 1.322000000000000000e+03
2.535000000000000000e+02 1.290500000000000000e+03
1.460000000000000000e+02 1.159000000000000000e+03
2.595000000000000000e+02 1.276500000000000000e+03
2.810000000000000000e+02 1.251000000000000000e+03
2.075000000000000000e+02 1.142500000000000000e+03
3.060000000000000000e+02 1.227000000000000000e+03
2.470000000000000000e+02 1.147000000000000000e+03
2.690000000000000000e+02 1.144000000000000000e+03
2.920000000000000000e+02 1.140000000000000000e+03
3.110000000000000000e+02 1.144000000000000000e+03
3.235000000000000000e+02 1.145500000000000000e+03
3.390000000000000000e+02 1.154000000000000000e+03
3.750000000000000000e+02 1.233000000000000000e+03
3.995000000000000000e+02 1.155500000000000000e+03
4.195000000000000000e+02 1.157500000000000000e+03
4.480000000000000000e+02 1.182000000000000000e+03
4.670000000000000000e+02 1.175000000000000000e+03
4.895000000000000000e+02 1.158500000000000000e+03
5.185000000000000000e+02 1.161500000000000000e+03
5.525000000000000000e+02 1.151500000000000000e+03
5.840000000000000000e+02 1.146000000000000000e+03
6.110000000000000000e+02 1.141000000000000000e+03
7.160000000000000000e+02 1.199000000000000000e+03
7.295000000000000000e+02 1.199500000000000000e+03
7.440000000000000000e+02 1.199000000000000000e+03
7.395000000000000000e+02 1.165500000000000000e+03
7.665000000000000000e+02 1.163500000000000000e+03
7.955000000000000000e+02 1.160500000000000000e+03
8.675000000000000000e+02 1.183500000000000000e+03
9.430000000000000000e+02 1.194000000000000000e+03
9.700000000000000000e+02 1.175000000000000000e+03
1.005000000000000000e+03 1.197000000000000000e+03
1.052500000000000000e+03 1.220500000000000000e+03
1.082500000000000000e+03 1.196500000000000000e+03
1.085000000000000000e+03 1.158000000000000000e+03
1.145000000000000000e+03 1.154000000000000000e+03
1.250000000000000000e+03 1.184000000000000000e+03
1.251500000000000000e+03 1.116500000000000000e+03
1.363000000000000000e+03 1.158000000000000000e+03
1.417000000000000000e+03 1.188000000000000000e+03
1.455500000000000000e+03 1.207500000000000000e+03
1.508000000000000000e+03 1.224000000000000000e+03
1.536500000000000000e+03 1.201500000000000000e+03
1.602500000000000000e+03 1.206500000000000000e+03
1.696500000000000000e+03 1.218500000000000000e+03
1.776000000000000000e+03 1.191000000000000000e+03
1.826000000000000000e+03 1.144000000000000000e+03
1.943500000000000000e+03 1.170500000000000000e+03
1.997000000000000000e+03 1.203000000000000000e+03
2.066500000000000000e+03 1.219500000000000000e+03
2.097000000000000000e+03 1.187000000000000000e+03
2.180000000000000000e+03 1.187000000000000000e+03
2.360000000000000000e+03 1.243000000000000000e+03
2.448500000000000000e+03 1.188500000000000000e+03
2.530500000000000000e+03 1.123500000000000000e+03
2.671000000000000000e+03 1.108000000000000000e+03
2.763000000000000000e+03 1.183000000000000000e+03
2.873000000000000000e+03 1.254000000000000000e+03
2.984500000000000000e+03 1.295500000000000000e+03
3.091500000000000000e+03 1.323500000000000000e+03
3.217500000000000000e+03 1.326500000000000000e+03
3.362000000000000000e+03 1.304000000000000000e+03
3.461000000000000000e+03 1.211000000000000000e+03
3.608000000000000000e+03 1.153000000000000000e+03
3.680500000000000000e+03 1.084500000000000000e+03
3.694500000000000000e+03 1.201500000000000000e+03
3.734000000000000000e+03 1.602000000000000000e+03
3.783500000000000000e+03 1.606500000000000000e+03
1.000000000000000000e+17 1.000000000000000000e+17
1.000000000000000000e+17 1.000000000000000000e+17
