1.344000091552734375e+02 1.958400024414062500e+03
2.340000000000000000e+02 1.582000000000000000e+03
5.140800170898437500e+02 1.860520019531250000e+03
5.303109130859375000e+02 1.320987274169921875e+03
3.962320251464843750e+02 1.178152008056640625e+03
6.002000122070312500e+02 1.304600006103515625e+03
4.496640090942382812e+02 1.282000015258789062e+03
8.780000000000000000e+02 1.742000000000000000e+03
7.950609741210937500e+02 1.757748474121093750e+03
1.015499267578125000e+03 1.690036865234375000e+03
1.007800018310546875e+03 1.693600036621093750e+03
1.236912048339843750e+03 1.194072021484375000e+03
1.073000000000000000e+03 1.139000000000000000e+03
1.183611236572265625e+03 1.156563217163085938e+03
1.186159088134765625e+03 1.162425376892089844e+03
1.331760009765625000e+03 1.151600006103515625e+03
1.232000000000000000e+03 1.610000000000000000e+03
1.245870414733886719e+03 1.601504089355468750e+03
1.280091217041015625e+03 1.140044502258300781e+03
1.329000000000000000e+03 1.144000000000000000e+03
1.349576004028320312e+03 1.113304008483886719e+03
1.401600006103515625e+03 1.506400024414062500e+03
1.599240005493164062e+03 1.576040039062500000e+03
1.650272018432617188e+03 1.564304046630859375e+03
1.673536010742187500e+03 1.328200012207031250e+03
1.681888015747070312e+03 1.571464050292968750e+03
1.655827217102050781e+03 1.380481658935546875e+03
1.714080001831054688e+03 1.385200012207031250e+03
1.742800003051757812e+03 1.377400024414062500e+03
1.752076812744140625e+03 1.282074996948242188e+03
1.711000000000000000e+03 1.394000000000000000e+03
1.729602897644042969e+03 1.421458312988281250e+03
1.838240005493164062e+03 1.277560012817382812e+03
1.848440002441406250e+03 1.520400024414062500e+03
1.853120010375976562e+03 1.537560028076171875e+03
1.820606414794921875e+03 1.359451232910156250e+03
1.785800003051757812e+03 1.288000015258789062e+03
1.836200004577636719e+03 1.361600006103515625e+03
1.867495452880859375e+03 1.353710601806640625e+03
1.884000000000000000e+03 1.326000000000000000e+03
1.945593627929687500e+03 1.280212829589843750e+03
1.927951065063476562e+03 1.348273651123046875e+03
1.928827217102050781e+03 1.313948837280273438e+03
1.938440002441406250e+03 1.309640014648437500e+03
1.961000000000000000e+03 1.456000000000000000e+03
1.973000000000000000e+03 1.367000000000000000e+03
1.979480010986328125e+03 1.363120025634765625e+03
1.931000000000000000e+03 1.344200012207031250e+03
1.976000000000000000e+03 1.335000000000000000e+03
1.981600006103515625e+03 1.340600006103515625e+03
1.921600002288818359e+03 1.266600006103515625e+03
1.985952011108398438e+03 1.372296020507812500e+03
1.933800003051757812e+03 1.267200012207031250e+03
1.999600006103515625e+03 1.388600006103515625e+03
1.993200004577636719e+03 1.343400009155273438e+03
1.945000000000000000e+03 1.262000000000000000e+03
1.988400001525878906e+03 1.300800003051757812e+03
2.007000000000000000e+03 1.304000000000000000e+03
2.033000000000000000e+03 1.252000000000000000e+03
2.023400001525878906e+03 1.306200012207031250e+03
2.038000000000000000e+03 1.325000000000000000e+03
2.040000000000000000e+03 1.240000000000000000e+03
1.960000000000000000e+03 1.264000000000000000e+03
2.024000000000000000e+03 1.331000000000000000e+03
2.004600006103515625e+03 1.341200012207031250e+03
1.996800003051757812e+03 1.334800003051757812e+03
2.004848007202148438e+03 1.307264022827148438e+03
2.024000000000000000e+03 1.378000000000000000e+03
2.001392005920410156e+03 1.365192016601562500e+03
1.986000000000000000e+03 1.295000000000000000e+03
2.007880004882812500e+03 1.345640014648437500e+03
1.968000000000000000e+03 1.264000000000000000e+03
1.974800003051757812e+03 1.281800003051757812e+03
2.009000000000000000e+03 1.295000000000000000e+03
2.012000000000000000e+03 1.284000000000000000e+03
2.019000000000000000e+03 1.338600006103515625e+03
2.007576004028320312e+03 1.232040008544921875e+03
2.005440002441406250e+03 1.237480003356933594e+03
2.003032005310058594e+03 1.237760009765625000e+03
2.002600006103515625e+03 1.294600006103515625e+03
1.984680000305175781e+03 1.325480010986328125e+03
1.983000000000000000e+03 1.328000000000000000e+03
1.951000000000000000e+03 1.280000000000000000e+03
1.979000000000000000e+03 1.295000000000000000e+03
1.973000000000000000e+03 1.294000000000000000e+03
1.967000000000000000e+03 1.346000000000000000e+03
1.962000003814697266e+03 1.291400001525878906e+03
1.965600002288818359e+03 1.350600006103515625e+03
1.959000000000000000e+03 1.347000000000000000e+03
1.944000000000000000e+03 1.336000000000000000e+03
1.948000000000000000e+03 1.290000000000000000e+03
1.945000000000000000e+03 1.347000000000000000e+03
1.950000000000000000e+03 1.359000000000000000e+03
1.944000000000000000e+03 1.238000000000000000e+03
1.937480007171630859e+03 1.235208007812500000e+03
1.957000000000000000e+03 1.361000000000000000e+03
1.940000000000000000e+03 1.263000000000000000e+03
1.923000000000000000e+03 1.288000000000000000e+03
1.926000000000000000e+03 1.323000000000000000e+03
1.883000000000000000e+03 1.292000000000000000e+03
1.000000000000000000e+17 1.000000000000000000e+17
1.888000000000000000e+03 1.337000000000000000e+03
1.889000000000000000e+03 1.326000000000000000e+03
1.880000000000000000e+03 1.304000000000000000e+03
1.883000000000000000e+03 1.360000000000000000e+03
1.879600002288818359e+03 1.253800003051757812e+03
1.000000000000000000e+17 1.000000000000000000e+17
1.000000000000000000e+17 1.000000000000000000e+17
1.848000000000000000e+03 1.345000000000000000e+03
1.848000000000000000e+03 1.361000000000000000e+03
1.839000000000000000e+03 1.338000000000000000e+03
1.838000000000000000e+03 1.362000000000000000e+03
1.833720001220703125e+03 1.348000000000000000e+03
1.823280002593994141e+03 1.338360000610351562e+03
1.836000000000000000e+03 1.352000000000000000e+03
1.816200000762939453e+03 1.304200004577636719e+03
1.800200000762939453e+03 1.343000000000000000e+03
1.000000000000000000e+17 1.000000000000000000e+17
1.000000000000000000e+17 1.000000000000000000e+17
1.000000000000000000e+17 1.000000000000000000e+17
1.776000000000000000e+03 1.325000000000000000e+03
1.764000000000000000e+03 1.360000000000000000e+03
1.768000000000000000e+03 1.301000000000000000e+03
1.754080001831054688e+03 1.325440002441406250e+03
1.000000000000000000e+17 1.000000000000000000e+17
1.739000000000000000e+03 1.324000000000000000e+03
1.734000000000000000e+03 1.370000000000000000e+03
1.709000000000000000e+03 1.346000000000000000e+03
1.721000000000000000e+03 1.348000000000000000e+03
1.712200000762939453e+03 1.328000000000000000e+03
1.711000000000000000e+03 1.365000000000000000e+03
1.705600002288818359e+03 1.326200004577636719e+03
1.694000000000000000e+03 1.318000000000000000e+03
1.678000000000000000e+03 1.330000000000000000e+03
1.000000000000000000e+17 1.000000000000000000e+17
1.000000000000000000e+17 1.000000000000000000e+17
1.000000000000000000e+17 1.000000000000000000e+17
1.000000000000000000e+17 1.000000000000000000e+17
1.624000000000000000e+03 1.350000000000000000e+03
1.633000000000000000e+03 1.324000000000000000e+03
1.636000000000000000e+03 1.318000000000000000e+03
1.000000000000000000e+17 1.000000000000000000e+17
1.000000000000000000e+17 1.000000000000000000e+17
1.593000000000000000e+03 1.352000000000000000e+03
1.582000000000000000e+03 1.359000000000000000e+03
1.000000000000000000e+17 1.000000000000000000e+17
1.579000000000000000e+03 1.368000000000000000e+03
1.551000000000000000e+03 1.369000000000000000e+03
1.573000000000000000e+03 1.335000000000000000e+03
1.549400001525878906e+03 1.342400001525878906e+03
1.540000000000000000e+03 1.348000000000000000e+03
1.000000000000000000e+17 1.000000000000000000e+17
1.000000000000000000e+17 1.000000000000000000e+17
1.000000000000000000e+17 1.000000000000000000e+17
1.000000000000000000e+17 1.000000000000000000e+17
1.000000000000000000e+17 1.000000000000000000e+17
1.469000000000000000e+03 1.369000000000000000e+03
1.477000000000000000e+03 1.374000000000000000e+03
1.000000000000000000e+17 1.000000000000000000e+17
1.000000000000000000e+17 1.000000000000000000e+17
1.000000000000000000e+17 1.000000000000000000e+17
1.000000000000000000e+17 1.000000000000000000e+17
1.000000000000000000e+17 1.000000000000000000e+17
1.000000000000000000e+17 1.000000000000000000e+17
1.000000000000000000e+17 1.000000000000000000e+17
1.411000000000000000e+03 1.376000000000000000e+03
1.393000000000000000e+03 1.388000000000000000e+03
1.000000000000000000e+17 1.000000000000000000e+17
1.000000000000000000e+17 1.000000000000000000e+17
1.000000000000000000e+17 1.000000000000000000e+17
1.000000000000000000e+17 1.000000000000000000e+17
1.000000000000000000e+17 1.000000000000000000e+17
1.000000000000000000e+17 1.000000000000000000e+17
1.000000000000000000e+17 1.000000000000000000e+17
1.000000000000000000e+17 1.000000000000000000e+17
1.310000000000000000e+03 1.402000000000000000e+03
1.303000000000000000e+03 1.371000000000000000e+03
1.000000000000000000e+17 1.000000000000000000e+17
1.000000000000000000e+17 1.000000000000000000e+17
1.000000000000000000e+17 1.000000000000000000e+17
1.000000000000000000e+17 1.000000000000000000e+17
1.000000000000000000e+17 1.000000000000000000e+17
1.000000000000000000e+17 1.000000000000000000e+17
1.000000000000000000e+17 1.000000000000000000e+17
1.000000000000000000e+17 1.000000000000000000e+17
1.225000000000000000e+03 1.409000000000000000e+03
1.000000000000000000e+17 1.000000000000000000e+17
1.000000000000000000e+17 1.000000000000000000e+17
1.000000000000000000e+17 1.000000000000000000e+17
1.000000000000000000e+17 1.000000000000000000e+17
1.000000000000000000e+17 1.000000000000000000e+17
1.000000000000000000e+17 1.000000000000000000e+17
1.000000000000000000e+17 1.000000000000000000e+17
1.000000000000000000e+17 1.000000000000000000e+17
1.000000000000000000e+17 1.000000000000000000e+17
1.000000000000000000e+17 1.000000000000000000e+17
1.000000000000000000e+17 1.000000000000000000e+17
