1.000000000000000000e+17 1.000000000000000000e+17
5.550000000000000000e+02 1.383000000000000000e+03
5.438720092773437500e+02 1.255992019653320312e+03
4.890000000000000000e+02 1.214000000000000000e+03
5.683199996948242188e+02 1.383760009765625000e+03
6.290000076293945312e+02 1.363000000000000000e+03
7.045120086669921875e+02 1.261816024780273438e+03
7.490000000000000000e+02 1.313800003051757812e+03
7.651600036621093750e+02 1.342559997558593750e+03
7.806672210693359375e+02 1.318641632080078125e+03
7.527600021362304688e+02 1.347040008544921875e+03
7.983973388671875000e+02 1.348528411865234375e+03
8.543600006103515625e+02 1.406520019531250000e+03
9.531824340820312500e+02 1.333575103759765625e+03
1.016135726928710938e+03 1.201229156494140625e+03
1.081243225097656250e+03 1.206888031005859375e+03
1.159598449707031250e+03 1.211476821899414062e+03
1.183936035156250000e+03 1.100944015502929688e+03
1.008000000000000000e+03 1.198000000000000000e+03
1.065392005920410156e+03 1.096856010437011719e+03
1.289456024169921875e+03 1.197536010742187500e+03
1.247800003051757812e+03 1.440400024414062500e+03
1.371446426391601562e+03 1.450529663085937500e+03
1.298296005249023438e+03 1.197168014526367188e+03
1.456000000000000000e+03 1.455000000000000000e+03
1.374312011718750000e+03 1.442824066162109375e+03
1.501575912475585938e+03 1.205990905761718750e+03
1.573600692749023438e+03 1.102951065063476562e+03
1.804000000000000000e+03 1.197000000000000000e+03
1.795096038818359375e+03 1.475516876220703125e+03
1.737560005187988281e+03 1.176520004272460938e+03
1.890397338867187500e+03 1.395093933105468750e+03
1.942826370239257812e+03 1.181074996948242188e+03
1.982229156494140625e+03 1.197934844970703125e+03
2.071000000000000000e+03 1.178000000000000000e+03
2.147000000000000000e+03 1.067000000000000000e+03
2.245896011352539062e+03 1.044224006652832031e+03
2.280000000000000000e+03 1.206000000000000000e+03
2.418428810119628906e+03 1.195979232788085938e+03
2.667285217285156250e+03 1.214766662597656250e+03
2.652245002746582031e+03 1.190490005493164062e+03
2.763000000000000000e+03 1.014000000000000000e+03
2.819000000000000000e+03 1.136000000000000000e+03
2.816000000000000000e+03 1.152000000000000000e+03
2.982072021484375000e+03 1.210304016113281250e+03
3.174600006103515625e+03 1.081800003051757812e+03
3.496320007324218750e+03 1.193040008544921875e+03
3.500416030883789062e+03 1.199691894531250000e+03
3.619537498474121094e+03 1.196724609375000000e+03
3.765000015258789062e+03 1.220400009155273438e+03
3.790000000000000000e+03 1.615000000000000000e+03
3.770200000762939453e+03 1.605200000762939453e+03
