1.000000000000000000e+17 1.000000000000000000e+17
5.640000000000000000e+02 1.385000000000000000e+03
5.552000122070312500e+02 1.383000000000000000e+03
4.884000015258789062e+02 1.213400009155273438e+03
5.860000000000000000e+02 1.379000000000000000e+03
6.290000000000000000e+02 1.363000000000000000e+03
6.874393920898437500e+02 1.394388244628906250e+03
6.724880065917968750e+02 1.225432022094726562e+03
7.652291564941406250e+02 1.396899932861328125e+03
7.371216125488281250e+02 1.310347229003906250e+03
7.630000000000000000e+02 1.335000000000000000e+03
7.716064147949218750e+02 1.215403228759765625e+03
8.930000000000000000e+02 1.194600006103515625e+03
1.005800003051757812e+03 1.211200012207031250e+03
9.495040130615234375e+02 1.408520050048828125e+03
1.109000000000000000e+03 1.095000000000000000e+03
1.159598449707031250e+03 1.211476821899414062e+03
1.126157272338867188e+03 1.222241363525390625e+03
1.192000000000000000e+03 1.104000000000000000e+03
1.169360000610351562e+03 1.374200012207031250e+03
1.264089019775390625e+03 1.356346191406250000e+03
1.247800003051757812e+03 1.440400024414062500e+03
1.387205795288085938e+03 1.097602897644042969e+03
1.444600006103515625e+03 1.453200012207031250e+03
1.456000000000000000e+03 1.455000000000000000e+03
1.374312011718750000e+03 1.442824066162109375e+03
1.393200004577636719e+03 1.196200012207031250e+03
1.537271209716796875e+03 1.108425376892089844e+03
1.775320007324218750e+03 1.487228637695312500e+03
1.795096038818359375e+03 1.475516876220703125e+03
1.817000000000000000e+03 1.492600006103515625e+03
1.895000000000000000e+03 1.493000000000000000e+03
1.942826370239257812e+03 1.181074996948242188e+03
1.935600006103515625e+03 1.188200012207031250e+03
1.943000000000000000e+03 1.181320007324218750e+03
2.092000000000000000e+03 1.194000000000000000e+03
2.245896011352539062e+03 1.044224006652832031e+03
2.280000000000000000e+03 1.206000000000000000e+03
2.465200004577636719e+03 1.020760002136230469e+03
2.728120010375976562e+03 1.029760002136230469e+03
2.668784011840820312e+03 1.192464019775390625e+03
2.728888031005859375e+03 1.022796813964843750e+03
2.814960006713867188e+03 1.136040008544921875e+03
2.748000000000000000e+03 1.179000000000000000e+03
2.982072021484375000e+03 1.210304016113281250e+03
3.175000000000000000e+03 1.082000000000000000e+03
3.500400024414062500e+03 1.195200012207031250e+03
3.530800003051757812e+03 9.786000022888183594e+02
3.560600002288818359e+03 1.217800018310546875e+03
3.773640014648437500e+03 1.218720001220703125e+03
3.708870414733886719e+03 1.572723213195800781e+03
3.770200000762939453e+03 1.605200000762939453e+03
