1.009000000000000000e+03 1.702000000000000000e+03
1.329000000000000000e+03 1.176000000000000000e+03
1.693000000000000000e+03 1.636200012207031250e+03
1.849620849609375000e+03 1.103788848876953125e+03
1.877000000000000000e+03 1.102000000000000000e+03
2.057294799804687500e+03 1.177598480224609375e+03
1.821392005920410156e+03 1.105264022827148438e+03
2.188000000000000000e+03 1.583000000000000000e+03
2.067131057739257812e+03 1.587818542480468750e+03
2.305572845458984375e+03 1.569552124023437500e+03
2.303000000000000000e+03 1.568000000000000000e+03
2.529000000000000000e+03 1.071000000000000000e+03
2.366000000000000000e+03 1.054000000000000000e+03
2.538472015380859375e+03 1.063416015625000000e+03
2.476640014648437500e+03 1.065680007934570312e+03
2.621600006103515625e+03 1.071200004577636719e+03
2.493000000000000000e+03 1.543000000000000000e+03
2.502216011047363281e+03 1.540328063964843750e+03
2.539040008544921875e+03 1.066856010437011719e+03
2.675067863464355469e+03 1.085997787475585938e+03
2.710944007873535156e+03 1.056848007202148438e+03
2.746664009094238281e+03 1.473656036376953125e+03
2.900507232666015625e+03 1.567798461914062500e+03
2.960728027343750000e+03 1.547547302246093750e+03
2.998400009155273438e+03 1.520000000000000000e+03
2.984160018920898438e+03 1.549656036376953125e+03
2.940268814086914062e+03 1.407364837646484375e+03
2.860238410949707031e+03 1.342156829833984375e+03
3.129320007324218750e+03 1.330520019531250000e+03
3.111834274291992188e+03 1.290948852539062500e+03
3.062440002441406250e+03 1.390920013427734375e+03
3.102000000000000000e+03 1.428800018310546875e+03
3.198600006103515625e+03 1.326000015258789062e+03
3.200000000000000000e+03 1.522000000000000000e+03
3.195784011840820312e+03 1.561897674560546875e+03
3.194974426269531250e+03 1.422528381347656250e+03
3.171600002288818359e+03 1.326600006103515625e+03
3.241509468078613281e+03 1.395486358642578125e+03
3.263974418640136719e+03 1.379788848876953125e+03
3.281440002441406250e+03 1.360680007934570312e+03
3.354800003051757812e+03 1.327600006103515625e+03
3.320974426269531250e+03 1.403785339355468750e+03
3.329974426269531250e+03 1.361460525512695312e+03
3.340974418640136719e+03 1.353728027343750000e+03
3.343481437683105469e+03 1.480346191406250000e+03
3.375000000000000000e+03 1.421000000000000000e+03
3.379000000000000000e+03 1.421000000000000000e+03
3.334576004028320312e+03 1.407568023681640625e+03
3.380000007629394531e+03 1.376800003051757812e+03
3.384680007934570312e+03 1.397736022949218750e+03
3.332520000457763672e+03 1.326720001220703125e+03
3.391532814025878906e+03 1.437862426757812500e+03
3.348200000762939453e+03 1.325200012207031250e+03
3.404480003356933594e+03 1.419880004882812500e+03
3.399000000000000000e+03 1.382200012207031250e+03
3.368000000000000000e+03 1.324000000000000000e+03
3.413672004699707031e+03 1.360360015869140625e+03
3.428200004577636719e+03 1.353000015258789062e+03
3.466416015625000000e+03 1.316968017578125000e+03
3.438551513671875000e+03 1.361145080566406250e+03
3.458462745666503906e+03 1.348182434082031250e+03
3.471000000000000000e+03 1.299000000000000000e+03
3.389200000762939453e+03 1.327800003051757812e+03
3.440720001220703125e+03 1.378680007934570312e+03
3.438000000000000000e+03 1.414000000000000000e+03
3.422664009094238281e+03 1.382904022216796875e+03
3.433032005310058594e+03 1.354352020263671875e+03
3.472000000000000000e+03 1.414000000000000000e+03
3.421208007812500000e+03 1.437384033203125000e+03
3.415000000000000000e+03 1.358000000000000000e+03
3.427200004577636719e+03 1.414800003051757812e+03
3.399000000000000000e+03 1.331000000000000000e+03
3.400000000000000000e+03 1.344000000000000000e+03
3.445000000000000000e+03 1.363000000000000000e+03
3.446000000000000000e+03 1.352000000000000000e+03
3.452400001525878906e+03 1.412640014648437500e+03
3.449400009155273438e+03 1.286312011718750000e+03
3.447000000000000000e+03 1.294000000000000000e+03
3.444000000000000000e+03 1.288000000000000000e+03
3.434000000000000000e+03 1.358000000000000000e+03
3.435000000000000000e+03 1.353000000000000000e+03
3.407920001983642578e+03 1.401560012817382812e+03
3.415000000000000000e+03 1.359000000000000000e+03
3.403040000915527344e+03 1.356279998779296875e+03
3.398752006530761719e+03 1.355600006103515625e+03
3.392720001220703125e+03 1.409440002441406250e+03
3.387000000000000000e+03 1.349000000000000000e+03
3.389000003814697266e+03 1.405200012207031250e+03
3.383000000000000000e+03 1.413000000000000000e+03
3.356000000000000000e+03 1.359000000000000000e+03
3.376000000000000000e+03 1.352000000000000000e+03
3.366000000000000000e+03 1.414000000000000000e+03
3.363800003051757812e+03 1.413800003051757812e+03
3.378000000000000000e+03 1.291600006103515625e+03
3.370848007202148438e+03 1.290576004028320312e+03
3.364000000000000000e+03 1.414280014038085938e+03
3.369200004577636719e+03 1.322800003051757812e+03
3.346680000305175781e+03 1.346919998168945312e+03
3.333000000000000000e+03 1.394000000000000000e+03
3.325000000000000000e+03 1.399000000000000000e+03
1.000000000000000000e+17 1.000000000000000000e+17
3.317000000000000000e+03 1.368000000000000000e+03
3.295200000762939453e+03 1.377200012207031250e+03
3.296400001525878906e+03 1.353200004577636719e+03
3.290000000000000000e+03 1.399000000000000000e+03
3.306000000000000000e+03 1.300000000000000000e+03
1.000000000000000000e+17 1.000000000000000000e+17
1.000000000000000000e+17 1.000000000000000000e+17
3.265000000000000000e+03 1.416000000000000000e+03
3.258000000000000000e+03 1.414000000000000000e+03
3.268000000000000000e+03 1.378000000000000000e+03
3.249000000000000000e+03 1.411000000000000000e+03
3.248000000000000000e+03 1.399000000000000000e+03
3.244800003051757812e+03 1.374400009155273438e+03
3.242000000000000000e+03 1.401000000000000000e+03
3.230000000000000000e+03 1.384000000000000000e+03
3.203000000000000000e+03 1.391200004577636719e+03
1.000000000000000000e+17 1.000000000000000000e+17
1.000000000000000000e+17 1.000000000000000000e+17
1.000000000000000000e+17 1.000000000000000000e+17
3.174000000000000000e+03 1.355000000000000000e+03
3.154200000762939453e+03 1.386000007629394531e+03
3.177000000000000000e+03 1.335000000000000000e+03
3.151400001525878906e+03 1.353000000000000000e+03
1.000000000000000000e+17 1.000000000000000000e+17
3.135400001525878906e+03 1.353600006103515625e+03
3.119000000000000000e+03 1.409000000000000000e+03
3.113000000000000000e+03 1.410000000000000000e+03
3.117000000000000000e+03 1.376000000000000000e+03
3.109600002288818359e+03 1.354200004577636719e+03
3.093000000000000000e+03 1.382000000000000000e+03
3.103000000000000000e+03 1.334000000000000000e+03
3.087000000000000000e+03 1.335000000000000000e+03
3.063000000000000000e+03 1.397000000000000000e+03
1.000000000000000000e+17 1.000000000000000000e+17
1.000000000000000000e+17 1.000000000000000000e+17
1.000000000000000000e+17 1.000000000000000000e+17
1.000000000000000000e+17 1.000000000000000000e+17
3.021000000000000000e+03 1.360000000000000000e+03
3.025000000000000000e+03 1.335000000000000000e+03
3.018000000000000000e+03 1.333000000000000000e+03
1.000000000000000000e+17 1.000000000000000000e+17
1.000000000000000000e+17 1.000000000000000000e+17
2.984000000000000000e+03 1.378000000000000000e+03
2.972000000000000000e+03 1.380000000000000000e+03
1.000000000000000000e+17 1.000000000000000000e+17
2.960000000000000000e+03 1.378000000000000000e+03
2.942000000000000000e+03 1.377000000000000000e+03
2.943000000000000000e+03 1.343000000000000000e+03
2.934000000000000000e+03 1.338000000000000000e+03
2.920000000000000000e+03 1.348000000000000000e+03
1.000000000000000000e+17 1.000000000000000000e+17
1.000000000000000000e+17 1.000000000000000000e+17
1.000000000000000000e+17 1.000000000000000000e+17
1.000000000000000000e+17 1.000000000000000000e+17
1.000000000000000000e+17 1.000000000000000000e+17
2.863000000000000000e+03 1.370000000000000000e+03
2.855000000000000000e+03 1.370000000000000000e+03
1.000000000000000000e+17 1.000000000000000000e+17
1.000000000000000000e+17 1.000000000000000000e+17
1.000000000000000000e+17 1.000000000000000000e+17
1.000000000000000000e+17 1.000000000000000000e+17
1.000000000000000000e+17 1.000000000000000000e+17
1.000000000000000000e+17 1.000000000000000000e+17
1.000000000000000000e+17 1.000000000000000000e+17
2.787000000000000000e+03 1.336000000000000000e+03
2.777000000000000000e+03 1.345000000000000000e+03
1.000000000000000000e+17 1.000000000000000000e+17
1.000000000000000000e+17 1.000000000000000000e+17
1.000000000000000000e+17 1.000000000000000000e+17
1.000000000000000000e+17 1.000000000000000000e+17
1.000000000000000000e+17 1.000000000000000000e+17
1.000000000000000000e+17 1.000000000000000000e+17
1.000000000000000000e+17 1.000000000000000000e+17
1.000000000000000000e+17 1.000000000000000000e+17
2.689000000000000000e+03 1.355000000000000000e+03
2.676000000000000000e+03 1.356000000000000000e+03
1.000000000000000000e+17 1.000000000000000000e+17
1.000000000000000000e+17 1.000000000000000000e+17
1.000000000000000000e+17 1.000000000000000000e+17
1.000000000000000000e+17 1.000000000000000000e+17
1.000000000000000000e+17 1.000000000000000000e+17
1.000000000000000000e+17 1.000000000000000000e+17
1.000000000000000000e+17 1.000000000000000000e+17
1.000000000000000000e+17 1.000000000000000000e+17
2.600000000000000000e+03 1.349000000000000000e+03
1.000000000000000000e+17 1.000000000000000000e+17
1.000000000000000000e+17 1.000000000000000000e+17
1.000000000000000000e+17 1.000000000000000000e+17
1.000000000000000000e+17 1.000000000000000000e+17
1.000000000000000000e+17 1.000000000000000000e+17
1.000000000000000000e+17 1.000000000000000000e+17
1.000000000000000000e+17 1.000000000000000000e+17
1.000000000000000000e+17 1.000000000000000000e+17
1.000000000000000000e+17 1.000000000000000000e+17
1.000000000000000000e+17 1.000000000000000000e+17
1.000000000000000000e+17 1.000000000000000000e+17
