9.800000000000000000e+01 1.661000000000000000e+03
2.800000000000000000e+02 1.574000000000000000e+03
5.068800048828125000e+02 1.861960021972656250e+03
5.410604858398437500e+02 1.317404083251953125e+03
3.595984802246093750e+02 1.170355300903320312e+03
6.086000061035156250e+02 1.293800003051757812e+03
4.500000000000000000e+02 1.280000000000000000e+03
5.350000000000000000e+02 1.251000000000000000e+03
7.919920349121093750e+02 1.757582519531250000e+03
1.010200012207031250e+03 1.691880004882812500e+03
1.009720001220703125e+03 1.693840026855468750e+03
1.076000000000000000e+03 1.669000000000000000e+03
1.121000000000000000e+03 1.651000000000000000e+03
1.184648025512695312e+03 1.157600006103515625e+03
1.332000000000000000e+03 1.152000000000000000e+03
1.286004913330078125e+03 1.804496215820312500e+03
1.231080001831054688e+03 1.609640014648437500e+03
1.239304008483886719e+03 1.606688049316406250e+03
1.240520000457763672e+03 1.148120002746582031e+03
1.329000000000000000e+03 1.137000000000000000e+03
1.467080017089843750e+03 1.548760040283203125e+03
1.379000000000000000e+03 1.067000000000000000e+03
1.637000000000000000e+03 1.566000000000000000e+03
1.649120010375976562e+03 1.564880004882812500e+03
1.657600006103515625e+03 1.454200012207031250e+03
1.681888031005859375e+03 1.571118469238281250e+03
1.789920013427734375e+03 1.509160003662109375e+03
1.692577728271484375e+03 1.383820922851562500e+03
1.705000000000000000e+03 1.358000000000000000e+03
1.719927711486816406e+03 1.353738616943359375e+03
1.712000000000000000e+03 1.400000000000000000e+03
1.731400009155273438e+03 1.419592041015625000e+03
1.833200012207031250e+03 1.279000015258789062e+03
1.851320007324218750e+03 1.527600006103515625e+03
1.803584007263183594e+03 1.411416046142578125e+03
1.869336013793945312e+03 1.379496032714843750e+03
1.789000000000000000e+03 1.291000000000000000e+03
1.904000000000000000e+03 1.347000000000000000e+03
1.872800003051757812e+03 1.358600006103515625e+03
1.879827217102050781e+03 1.326464035034179688e+03
1.904453407287597656e+03 1.318864776611328125e+03
1.885880004882812500e+03 1.353400024414062500e+03
1.930440002441406250e+03 1.311760009765625000e+03
1.937864013671875000e+03 1.309640014648437500e+03
1.964600006103515625e+03 1.250608016967773438e+03
1.947000000000000000e+03 1.303000000000000000e+03
1.952408012390136719e+03 1.302640014648437500e+03
1.972760002136230469e+03 1.374200012207031250e+03
1.984400001525878906e+03 1.380000000000000000e+03
1.978000007629394531e+03 1.353800018310546875e+03
1.991000000000000000e+03 1.389000000000000000e+03
1.984800003051757812e+03 1.373160003662109375e+03
2.012280006408691406e+03 1.432080017089843750e+03
1.988800003051757812e+03 1.356200012207031250e+03
1.993000000000000000e+03 1.344000000000000000e+03
1.947640003204345703e+03 1.261800003051757812e+03
1.988400001525878906e+03 1.298400009155273438e+03
2.012480003356933594e+03 1.304320007324218750e+03
2.010000000000000000e+03 1.362200012207031250e+03
2.022920005798339844e+03 1.305960006713867188e+03
2.047000000000000000e+03 1.392000000000000000e+03
2.010600006103515625e+03 1.349600006103515625e+03
2.033000000000000000e+03 1.366000000000000000e+03
1.957000000000000000e+03 1.261000000000000000e+03
2.012520004272460938e+03 1.298960006713867188e+03
1.999200004577636719e+03 1.303600006103515625e+03
2.015000000000000000e+03 1.319000000000000000e+03
1.988840003967285156e+03 1.335560012817382812e+03
2.001200004577636719e+03 1.285800003051757812e+03
1.986568004608154297e+03 1.298984024047851562e+03
2.024200004577636719e+03 1.247000007629394531e+03
2.000000000000000000e+03 1.281000000000000000e+03
1.977000000000000000e+03 1.289000000000000000e+03
1.968000000000000000e+03 1.269000000000000000e+03
2.006000000000000000e+03 1.303000000000000000e+03
1.979000000000000000e+03 1.296000000000000000e+03
2.015000000000000000e+03 1.326000000000000000e+03
2.008000000000000000e+03 1.351000000000000000e+03
1.970000000000000000e+03 1.288000000000000000e+03
1.958000000000000000e+03 1.267000000000000000e+03
1.986120010375976562e+03 1.317704010009765625e+03
1.990000000000000000e+03 1.340000000000000000e+03
1.952000000000000000e+03 1.285000000000000000e+03
1.974000000000000000e+03 1.316000000000000000e+03
1.969200000762939453e+03 1.319200012207031250e+03
1.963000000000000000e+03 1.290000000000000000e+03
1.966800003051757812e+03 1.343000000000000000e+03
1.958400001525878906e+03 1.353000000000000000e+03
1.959000003814697266e+03 1.347600006103515625e+03
1.949000000000000000e+03 1.290000000000000000e+03
1.941800003051757812e+03 1.335600006103515625e+03
1.940200000762939453e+03 1.333400009155273438e+03
1.943600002288818359e+03 1.302200004577636719e+03
1.940000000000000000e+03 1.344000000000000000e+03
1.936000000000000000e+03 1.311000000000000000e+03
1.919000000000000000e+03 1.312000000000000000e+03
1.943200004577636719e+03 1.263000000000000000e+03
1.921360000610351562e+03 1.289200004577636719e+03
1.928000000000000000e+03 1.229000000000000000e+03
1.890000000000000000e+03 1.306000000000000000e+03
1.880000000000000000e+03 1.299000000000000000e+03
1.890400001525878906e+03 1.337400009155273438e+03
1.890200000762939453e+03 1.304200004577636719e+03
1.883000000000000000e+03 1.304000000000000000e+03
1.869600002288818359e+03 1.357200012207031250e+03
1.879600002288818359e+03 1.254280002593994141e+03
1.000000000000000000e+17 1.000000000000000000e+17
1.000000000000000000e+17 1.000000000000000000e+17
1.854000000000000000e+03 1.306000000000000000e+03
1.838200000762939453e+03 1.356400009155273438e+03
1.840800003051757812e+03 1.346200012207031250e+03
1.834520000457763672e+03 1.343240005493164062e+03
1.836600002288818359e+03 1.346800003051757812e+03
1.820400001525878906e+03 1.329720001220703125e+03
1.837000000000000000e+03 1.285000000000000000e+03
1.817400001525878906e+03 1.306600006103515625e+03
1.789000000000000000e+03 1.326000000000000000e+03
1.000000000000000000e+17 1.000000000000000000e+17
1.000000000000000000e+17 1.000000000000000000e+17
1.000000000000000000e+17 1.000000000000000000e+17
1.772000000000000000e+03 1.322000000000000000e+03
1.764200000762939453e+03 1.366400001525878906e+03
1.748000000000000000e+03 1.325000000000000000e+03
1.756960002899169922e+03 1.318240005493164062e+03
1.000000000000000000e+17 1.000000000000000000e+17
1.733000000000000000e+03 1.329000000000000000e+03
1.728000000000000000e+03 1.341000000000000000e+03
1.709000000000000000e+03 1.343000000000000000e+03
1.714400001525878906e+03 1.366200004577636719e+03
1.714000000000000000e+03 1.335000000000000000e+03
1.711800003051757812e+03 1.308800003051757812e+03
1.706000000000000000e+03 1.329000000000000000e+03
1.698000000000000000e+03 1.304000000000000000e+03
1.672600002288818359e+03 1.338800003051757812e+03
1.000000000000000000e+17 1.000000000000000000e+17
1.000000000000000000e+17 1.000000000000000000e+17
1.000000000000000000e+17 1.000000000000000000e+17
1.000000000000000000e+17 1.000000000000000000e+17
1.636000000000000000e+03 1.359000000000000000e+03
1.632400001525878906e+03 1.322800003051757812e+03
1.625200000762939453e+03 1.324400001525878906e+03
1.000000000000000000e+17 1.000000000000000000e+17
1.000000000000000000e+17 1.000000000000000000e+17
1.590000000000000000e+03 1.381000000000000000e+03
1.584000000000000000e+03 1.363000000000000000e+03
1.000000000000000000e+17 1.000000000000000000e+17
1.568000000000000000e+03 1.385000000000000000e+03
1.570000000000000000e+03 1.335000000000000000e+03
1.556000000000000000e+03 1.353000000000000000e+03
1.549000000000000000e+03 1.343000000000000000e+03
1.539800003051757812e+03 1.347800003051757812e+03
1.000000000000000000e+17 1.000000000000000000e+17
1.000000000000000000e+17 1.000000000000000000e+17
1.000000000000000000e+17 1.000000000000000000e+17
1.000000000000000000e+17 1.000000000000000000e+17
1.000000000000000000e+17 1.000000000000000000e+17
1.471000000000000000e+03 1.386000000000000000e+03
1.474000000000000000e+03 1.382000000000000000e+03
1.000000000000000000e+17 1.000000000000000000e+17
1.000000000000000000e+17 1.000000000000000000e+17
1.000000000000000000e+17 1.000000000000000000e+17
1.000000000000000000e+17 1.000000000000000000e+17
1.000000000000000000e+17 1.000000000000000000e+17
1.000000000000000000e+17 1.000000000000000000e+17
1.000000000000000000e+17 1.000000000000000000e+17
1.410000000000000000e+03 1.364000000000000000e+03
1.397000000000000000e+03 1.373000000000000000e+03
1.000000000000000000e+17 1.000000000000000000e+17
1.000000000000000000e+17 1.000000000000000000e+17
1.000000000000000000e+17 1.000000000000000000e+17
1.000000000000000000e+17 1.000000000000000000e+17
1.000000000000000000e+17 1.000000000000000000e+17
1.000000000000000000e+17 1.000000000000000000e+17
1.000000000000000000e+17 1.000000000000000000e+17
1.000000000000000000e+17 1.000000000000000000e+17
1.314600002288818359e+03 1.376200000762939453e+03
1.306000000000000000e+03 1.387000000000000000e+03
1.000000000000000000e+17 1.000000000000000000e+17
1.000000000000000000e+17 1.000000000000000000e+17
1.000000000000000000e+17 1.000000000000000000e+17
1.000000000000000000e+17 1.000000000000000000e+17
1.000000000000000000e+17 1.000000000000000000e+17
1.000000000000000000e+17 1.000000000000000000e+17
1.000000000000000000e+17 1.000000000000000000e+17
1.223000000000000000e+03 1.445000000000000000e+03
1.224200000762939453e+03 1.408200000762939453e+03
1.000000000000000000e+17 1.000000000000000000e+17
1.000000000000000000e+17 1.000000000000000000e+17
1.000000000000000000e+17 1.000000000000000000e+17
1.000000000000000000e+17 1.000000000000000000e+17
1.000000000000000000e+17 1.000000000000000000e+17
1.000000000000000000e+17 1.000000000000000000e+17
1.000000000000000000e+17 1.000000000000000000e+17
1.000000000000000000e+17 1.000000000000000000e+17
1.000000000000000000e+17 1.000000000000000000e+17
1.000000000000000000e+17 1.000000000000000000e+17
1.000000000000000000e+17 1.000000000000000000e+17
