1.000000000000000000e+17 1.000000000000000000e+17
1.667174835205078125e+02 1.431318176269531250e+03
1.000000000000000000e+02 1.210000000000000000e+03
1.002240066528320312e+02 1.208872009277343750e+03
2.254000015258789062e+02 1.440600006103515625e+03
5.413693084716796875e+02 1.459388244628906250e+03
6.983272705078125000e+02 1.371073181152343750e+03
7.163200073242187500e+02 1.369160003662109375e+03
9.122128295898437500e+02 1.381126434326171875e+03
9.552011413574218750e+02 1.369822723388671875e+03
9.946000061035156250e+02 1.394040008544921875e+03
1.256992736816406250e+03 1.412654541015625000e+03
1.429910461425781250e+03 1.407321807861328125e+03
1.694736022949218750e+03 1.560112030029296875e+03
1.775352020263671875e+03 1.280960014343261719e+03
1.865200012207031250e+03 1.293800003051757812e+03
1.953000000000000000e+03 1.389400009155273438e+03
2.032000000000000000e+03 1.239000000000000000e+03
1.836400001525878906e+03 1.298760009765625000e+03
1.943000000000000000e+03 1.418000000000000000e+03
2.191117034912109375e+03 1.487481437683105469e+03
2.222385612487792969e+03 1.705136047363281250e+03
2.316299224853515625e+03 1.694252868652343750e+03
2.321000000000000000e+03 1.393000000000000000e+03
2.477800003051757812e+03 1.676120025634765625e+03
2.464299240112304688e+03 1.654743560791015625e+03
2.609200012207031250e+03 1.388600006103515625e+03
2.678160003662109375e+03 1.466120010375976562e+03
2.797160003662109375e+03 1.391240005493164062e+03
2.752279998779296875e+03 1.627680023193359375e+03
2.704520000457763672e+03 1.471240005493164062e+03
2.862608016967773438e+03 1.610072021484375000e+03
2.899784011840820312e+03 1.379152008056640625e+03
2.917121612548828125e+03 1.388992034912109375e+03
3.045120010375976562e+03 1.445440002441406250e+03
3.002299240112304688e+03 1.405067863464355469e+03
3.037000000000000000e+03 1.383000000000000000e+03
3.086639999389648438e+03 1.564160003662109375e+03
3.083121612548828125e+03 1.501814422607421875e+03
3.104000000000000000e+03 1.559800003051757812e+03
3.061600006103515625e+03 1.377400009155273438e+03
3.150649612426757812e+03 1.477273651123046875e+03
3.223600006103515625e+03 1.288936004638671875e+03
3.244840003967285156e+03 1.377200012207031250e+03
3.241920005798339844e+03 1.510240020751953125e+03
3.291000000000000000e+03 1.373000000000000000e+03
3.309600006103515625e+03 1.530680007934570312e+03
3.323776008605957031e+03 1.495704010009765625e+03
3.349000000000000000e+03 1.504000000000000000e+03
3.345238410949707031e+03 1.458814422607421875e+03
3.380864013671875000e+03 1.378120010375976562e+03
3.392000000000000000e+03 1.366000000000000000e+03
