1.420000000000000000e+02 1.957000000000000000e+03
1.742400054931640625e+02 1.600080017089843750e+03
6.020000000000000000e+02 1.300000000000000000e+03
5.436000366210937500e+02 1.291200012207031250e+03
4.555600280761718750e+02 1.214440002441406250e+03
6.026000061035156250e+02 1.299800003051757812e+03
7.776000061035156250e+02 1.772800048828125000e+03
7.693218078613281250e+02 1.762554077148437500e+03
8.010329589843750000e+02 1.766706420898437500e+03
8.518000030517578125e+02 1.746600036621093750e+03
1.070776031494140625e+03 1.671088073730468750e+03
1.065000000000000000e+03 1.674000000000000000e+03
1.222985473632812500e+03 1.165327270507812500e+03
1.255000000000000000e+03 1.130000000000000000e+03
1.121000007629394531e+03 1.652000000000000000e+03
1.156944015502929688e+03 1.638608093261718750e+03
1.231800003051757812e+03 1.610600036621093750e+03
1.330000000000000000e+03 1.137000000000000000e+03
1.237640003204345703e+03 1.148120002746582031e+03
1.296800003051757812e+03 1.164600006103515625e+03
1.314000000000000000e+03 1.152000000000000000e+03
1.377000000000000000e+03 1.079000000000000000e+03
1.589658187866210938e+03 1.572144531250000000e+03
1.667000000000000000e+03 1.677000000000000000e+03
1.610636825561523438e+03 1.452616058349609375e+03
1.681000000000000000e+03 1.571000000000000000e+03
1.784390457153320312e+03 1.509874359130859375e+03
1.730035217285156250e+03 1.301507232666015625e+03
1.704400001525878906e+03 1.384840026855468750e+03
1.731056015014648438e+03 1.466888031005859375e+03
1.762710418701171875e+03 1.388745635986328125e+03
1.722000000000000000e+03 1.432000000000000000e+03
1.839200012207031250e+03 1.279000015258789062e+03
1.851320007324218750e+03 1.531920013427734375e+03
1.854000000000000000e+03 1.538000000000000000e+03
1.874520004272460938e+03 1.272360015869140625e+03
1.791000000000000000e+03 1.291000000000000000e+03
1.861000000000000000e+03 1.359000000000000000e+03
1.875200004577636719e+03 1.356920013427734375e+03
1.872000000000000000e+03 1.329000000000000000e+03
1.894560005187988281e+03 1.363559997558593750e+03
1.887000000000000000e+03 1.352000000000000000e+03
1.928495452880859375e+03 1.313948852539062500e+03
1.938900817871093750e+03 1.311022430419921875e+03
1.961000007629394531e+03 1.458400024414062500e+03
1.983800003051757812e+03 1.255400009155273438e+03
1.923000000000000000e+03 1.335000000000000000e+03
1.941114578247070312e+03 1.365156860351562500e+03
1.957280006408691406e+03 1.332960006713867188e+03
1.946848007202148438e+03 1.373480041503906250e+03
1.956000000000000000e+03 1.362000000000000000e+03
1.973280006408691406e+03 1.361640014648437500e+03
1.989000000000000000e+03 1.361000000000000000e+03
1.982800003051757812e+03 1.335800003051757812e+03
1.942000000000000000e+03 1.265000000000000000e+03
1.952200000762939453e+03 1.267800003051757812e+03
1.952400001525878906e+03 1.258800003051757812e+03
1.956800003051757812e+03 1.294000000000000000e+03
2.037000000000000000e+03 1.260000000000000000e+03
1.989281608581542969e+03 1.336948837280273438e+03
2.027000007629394531e+03 1.325600006103515625e+03
2.028600006103515625e+03 1.270400009155273438e+03
2.016600006103515625e+03 1.308400009155273438e+03
1.999000000000000000e+03 1.329000000000000000e+03
2.005000000000000000e+03 1.342000000000000000e+03
1.999680000305175781e+03 1.293040008544921875e+03
2.008880004882812500e+03 1.292000000000000000e+03
2.025000000000000000e+03 1.406000000000000000e+03
2.000000000000000000e+03 1.365000000000000000e+03
2.017000000000000000e+03 1.361000000000000000e+03
2.019000000000000000e+03 1.363000000000000000e+03
1.984840003967285156e+03 1.298120010375976562e+03
2.000000000000000000e+03 1.280600006103515625e+03
2.003000000000000000e+03 1.289000000000000000e+03
2.010600006103515625e+03 1.284400009155273438e+03
2.014000000000000000e+03 1.292000000000000000e+03
2.010000000000000000e+03 1.297000000000000000e+03
2.016000000000000000e+03 1.335000000000000000e+03
2.003800003051757812e+03 1.238000000000000000e+03
1.999000000000000000e+03 1.287000000000000000e+03
1.949000000000000000e+03 1.266000000000000000e+03
1.985000000000000000e+03 1.335000000000000000e+03
1.953000000000000000e+03 1.282000000000000000e+03
1.976000000000000000e+03 1.317000000000000000e+03
1.970000000000000000e+03 1.288000000000000000e+03
1.966000000000000000e+03 1.288000000000000000e+03
1.962000000000000000e+03 1.291000000000000000e+03
1.961000000000000000e+03 1.349000000000000000e+03
1.956600002288818359e+03 1.344000000000000000e+03
1.952000000000000000e+03 1.286000000000000000e+03
1.935000000000000000e+03 1.312000000000000000e+03
1.935000000000000000e+03 1.317000000000000000e+03
1.949000000000000000e+03 1.292000000000000000e+03
1.952800003051757812e+03 1.301000007629394531e+03
1.935800003051757812e+03 1.237800003051757812e+03
1.945000000000000000e+03 1.264000000000000000e+03
1.940319999694824219e+03 1.262280006408691406e+03
1.932000000000000000e+03 1.267000000000000000e+03
1.921240005493164062e+03 1.316000000000000000e+03
1.885000000000000000e+03 1.294000000000000000e+03
1.000000000000000000e+17 1.000000000000000000e+17
1.000000000000000000e+17 1.000000000000000000e+17
1.897000000000000000e+03 1.333000000000000000e+03
1.879000000000000000e+03 1.352000000000000000e+03
1.876000000000000000e+03 1.302000000000000000e+03
1.868080001831054688e+03 1.301800003051757812e+03
1.000000000000000000e+17 1.000000000000000000e+17
1.000000000000000000e+17 1.000000000000000000e+17
1.847600002288818359e+03 1.341400009155273438e+03
1.852000000000000000e+03 1.313000000000000000e+03
1.850000000000000000e+03 1.313000000000000000e+03
1.838600002288818359e+03 1.356200012207031250e+03
1.836600002288818359e+03 1.362400009155273438e+03
1.837680000305175781e+03 1.285080001831054688e+03
1.836800003051757812e+03 1.272600006103515625e+03
1.820000000000000000e+03 1.304000000000000000e+03
1.792000000000000000e+03 1.328000000000000000e+03
1.000000000000000000e+17 1.000000000000000000e+17
1.000000000000000000e+17 1.000000000000000000e+17
1.000000000000000000e+17 1.000000000000000000e+17
1.766400001525878906e+03 1.345000000000000000e+03
1.764000000000000000e+03 1.324000000000000000e+03
1.757600002288818359e+03 1.368400001525878906e+03
1.763200000762939453e+03 1.302400001525878906e+03
1.000000000000000000e+17 1.000000000000000000e+17
1.743000000000000000e+03 1.326000000000000000e+03
1.717000000000000000e+03 1.346000000000000000e+03
1.000000000000000000e+17 1.000000000000000000e+17
1.723000000000000000e+03 1.376000000000000000e+03
1.720000000000000000e+03 1.310000000000000000e+03
1.709000000000000000e+03 1.306000000000000000e+03
1.703000000000000000e+03 1.324000000000000000e+03
1.691800003051757812e+03 1.314400001525878906e+03
1.682000000000000000e+03 1.326000000000000000e+03
1.000000000000000000e+17 1.000000000000000000e+17
1.000000000000000000e+17 1.000000000000000000e+17
1.000000000000000000e+17 1.000000000000000000e+17
1.000000000000000000e+17 1.000000000000000000e+17
1.625000000000000000e+03 1.383000000000000000e+03
1.632000000000000000e+03 1.316000000000000000e+03
1.625000000000000000e+03 1.360000000000000000e+03
1.000000000000000000e+17 1.000000000000000000e+17
1.000000000000000000e+17 1.000000000000000000e+17
1.000000000000000000e+17 1.000000000000000000e+17
1.000000000000000000e+17 1.000000000000000000e+17
1.000000000000000000e+17 1.000000000000000000e+17
1.567000000000000000e+03 1.383000000000000000e+03
1.567000000000000000e+03 1.387200004577636719e+03
1.550000000000000000e+03 1.359000000000000000e+03
1.548200000762939453e+03 1.383200004577636719e+03
1.534000000000000000e+03 1.376000000000000000e+03
1.000000000000000000e+17 1.000000000000000000e+17
1.000000000000000000e+17 1.000000000000000000e+17
1.000000000000000000e+17 1.000000000000000000e+17
1.000000000000000000e+17 1.000000000000000000e+17
1.000000000000000000e+17 1.000000000000000000e+17
1.477000000000000000e+03 1.402000000000000000e+03
1.471000000000000000e+03 1.376000000000000000e+03
1.000000000000000000e+17 1.000000000000000000e+17
1.000000000000000000e+17 1.000000000000000000e+17
1.000000000000000000e+17 1.000000000000000000e+17
1.000000000000000000e+17 1.000000000000000000e+17
1.000000000000000000e+17 1.000000000000000000e+17
1.000000000000000000e+17 1.000000000000000000e+17
1.000000000000000000e+17 1.000000000000000000e+17
1.406200000762939453e+03 1.388200000762939453e+03
1.410000000000000000e+03 1.367000000000000000e+03
1.000000000000000000e+17 1.000000000000000000e+17
1.000000000000000000e+17 1.000000000000000000e+17
1.000000000000000000e+17 1.000000000000000000e+17
1.000000000000000000e+17 1.000000000000000000e+17
1.000000000000000000e+17 1.000000000000000000e+17
1.000000000000000000e+17 1.000000000000000000e+17
1.000000000000000000e+17 1.000000000000000000e+17
1.000000000000000000e+17 1.000000000000000000e+17
1.000000000000000000e+17 1.000000000000000000e+17
1.000000000000000000e+17 1.000000000000000000e+17
1.000000000000000000e+17 1.000000000000000000e+17
1.000000000000000000e+17 1.000000000000000000e+17
1.000000000000000000e+17 1.000000000000000000e+17
1.000000000000000000e+17 1.000000000000000000e+17
1.000000000000000000e+17 1.000000000000000000e+17
1.000000000000000000e+17 1.000000000000000000e+17
1.000000000000000000e+17 1.000000000000000000e+17
1.000000000000000000e+17 1.000000000000000000e+17
1.222000000000000000e+03 1.414000000000000000e+03
1.000000000000000000e+17 1.000000000000000000e+17
1.000000000000000000e+17 1.000000000000000000e+17
1.000000000000000000e+17 1.000000000000000000e+17
1.000000000000000000e+17 1.000000000000000000e+17
1.000000000000000000e+17 1.000000000000000000e+17
1.000000000000000000e+17 1.000000000000000000e+17
1.000000000000000000e+17 1.000000000000000000e+17
1.000000000000000000e+17 1.000000000000000000e+17
1.000000000000000000e+17 1.000000000000000000e+17
1.000000000000000000e+17 1.000000000000000000e+17
1.000000000000000000e+17 1.000000000000000000e+17
