1.000000000000000000e+17 1.000000000000000000e+17
1.728000183105468750e+02 1.430696044921875000e+03
9.240000152587890625e+01 1.443000000000000000e+03
9.936000061035156250e+01 1.209160003662109375e+03
2.225795440673828125e+02 1.440876556396484375e+03
4.390000000000000000e+02 1.466000000000000000e+03
7.125936279296875000e+02 1.452408050537109375e+03
7.159744186401367188e+02 1.369390426635742188e+03
9.260000000000000000e+02 1.453000000000000000e+03
8.843600006103515625e+02 1.391160003662109375e+03
9.946000061035156250e+02 1.408440002441406250e+03
1.168000000000000000e+03 1.455000000000000000e+03
1.357649612426757812e+03 1.460555236816406250e+03
1.692316833496093750e+03 1.559420837402343750e+03
1.778520004272460938e+03 1.288160003662109375e+03
1.872928039550781250e+03 1.297784011840820312e+03
1.952000000000000000e+03 1.390000000000000000e+03
1.907407730102539062e+03 1.416738647460937500e+03
1.883044502258300781e+03 1.293322601318359375e+03
2.031810913085937500e+03 1.726806488037109375e+03
2.113481437683105469e+03 1.484495452880859375e+03
2.291229156494140625e+03 1.696012268066406250e+03
2.321275878906250000e+03 1.558224731445312500e+03
2.255024005889892578e+03 1.492312042236328125e+03
2.424439392089843750e+03 1.673659454345703125e+03
2.429048019409179688e+03 1.675811279296875000e+03
2.488048011779785156e+03 1.384088012695312500e+03
2.680000000000000000e+03 1.383000000000000000e+03
2.780801635742187500e+03 1.699400085449218750e+03
2.801816024780273438e+03 1.379712020874023438e+03
2.841800003051757812e+03 1.543000000000000000e+03
2.829200004577636719e+03 1.709720031738281250e+03
2.899369308471679688e+03 1.383299240112304688e+03
2.935369323730468750e+03 1.380117034912109375e+03
3.039600006103515625e+03 1.446400009155273438e+03
3.051000000000000000e+03 1.584000000000000000e+03
3.087000000000000000e+03 1.496000000000000000e+03
3.083299240112304688e+03 1.564390457153320312e+03
3.103512008666992188e+03 1.552272018432617188e+03
3.156320007324218750e+03 1.379800003051757812e+03
3.170000000000000000e+03 1.390000000000000000e+03
3.149440002441406250e+03 1.478080017089843750e+03
3.223600006103515625e+03 1.289800003051757812e+03
3.199000000000000000e+03 1.547000000000000000e+03
3.306000000000000000e+03 1.448000000000000000e+03
3.289800003051757812e+03 1.378000000000000000e+03
3.213000000000000000e+03 1.376000000000000000e+03
3.346000000000000000e+03 1.627000000000000000e+03
3.329000000000000000e+03 1.584000000000000000e+03
3.330000000000000000e+03 1.569000000000000000e+03
3.303000000000000000e+03 1.383000000000000000e+03
3.377856010437011719e+03 1.450784011840820312e+03
