8.900000000000000000e+01 1.715000000000000000e+03
1.850000000000000000e+02 1.379000000000000000e+03
3.310000000000000000e+02 1.352000000000000000e+03
3.700000000000000000e+02 1.390000000000000000e+03
4.775000000000000000e+02 1.449500000000000000e+03
5.655000000000000000e+02 1.363500000000000000e+03
6.395000000000000000e+02 1.321500000000000000e+03
7.135000000000000000e+02 1.287500000000000000e+03
8.190000000000000000e+02 1.289000000000000000e+03
8.735000000000000000e+02 1.307500000000000000e+03
9.905000000000000000e+02 1.281500000000000000e+03
1.055000000000000000e+03 1.280000000000000000e+03
1.112000000000000000e+03 1.255000000000000000e+03
1.176500000000000000e+03 1.263500000000000000e+03
1.209500000000000000e+03 1.242500000000000000e+03
1.233500000000000000e+03 1.217500000000000000e+03
1.295500000000000000e+03 1.207500000000000000e+03
1.307000000000000000e+03 1.194000000000000000e+03
1.360500000000000000e+03 1.210500000000000000e+03
1.416500000000000000e+03 1.225500000000000000e+03
1.464000000000000000e+03 1.226000000000000000e+03
1.503000000000000000e+03 1.213000000000000000e+03
1.588000000000000000e+03 1.248000000000000000e+03
1.601500000000000000e+03 1.223500000000000000e+03
1.650500000000000000e+03 1.239500000000000000e+03
1.692000000000000000e+03 1.293000000000000000e+03
1.709000000000000000e+03 1.218000000000000000e+03
1.690000000000000000e+03 1.220000000000000000e+03
1.719000000000000000e+03 1.218000000000000000e+03
1.732000000000000000e+03 1.219000000000000000e+03
1.753000000000000000e+03 1.209000000000000000e+03
1.773500000000000000e+03 1.221500000000000000e+03
1.782000000000000000e+03 1.181000000000000000e+03
1.801000000000000000e+03 1.172000000000000000e+03
1.805500000000000000e+03 1.164500000000000000e+03
1.826000000000000000e+03 1.172000000000000000e+03
1.831000000000000000e+03 1.170000000000000000e+03
1.845000000000000000e+03 1.164000000000000000e+03
1.866000000000000000e+03 1.185000000000000000e+03
1.878500000000000000e+03 1.194500000000000000e+03
1.902000000000000000e+03 1.191000000000000000e+03
1.918500000000000000e+03 1.194500000000000000e+03
1.923500000000000000e+03 1.192500000000000000e+03
1.926000000000000000e+03 1.182000000000000000e+03
1.929000000000000000e+03 1.196000000000000000e+03
1.933500000000000000e+03 1.171500000000000000e+03
1.937000000000000000e+03 1.168000000000000000e+03
1.946500000000000000e+03 1.166500000000000000e+03
1.955000000000000000e+03 1.191000000000000000e+03
1.955500000000000000e+03 1.176500000000000000e+03
1.959000000000000000e+03 1.178000000000000000e+03
1.965000000000000000e+03 1.182000000000000000e+03
1.982000000000000000e+03 1.193000000000000000e+03
1.965000000000000000e+03 1.174000000000000000e+03
1.967000000000000000e+03 1.160000000000000000e+03
1.977500000000000000e+03 1.163500000000000000e+03
1.981500000000000000e+03 1.165500000000000000e+03
1.996500000000000000e+03 1.200500000000000000e+03
1.999000000000000000e+03 1.212000000000000000e+03
2.003000000000000000e+03 1.191000000000000000e+03
2.002500000000000000e+03 1.213500000000000000e+03
1.999500000000000000e+03 1.206500000000000000e+03
1.996500000000000000e+03 1.199500000000000000e+03
1.991500000000000000e+03 1.170500000000000000e+03
1.995000000000000000e+03 1.172000000000000000e+03
1.995000000000000000e+03 1.189000000000000000e+03
2.000000000000000000e+03 1.178000000000000000e+03
2.002000000000000000e+03 1.186000000000000000e+03
1.996500000000000000e+03 1.187500000000000000e+03
2.000000000000000000e+03 1.188000000000000000e+03
1.998500000000000000e+03 1.186500000000000000e+03
1.990000000000000000e+03 1.178000000000000000e+03
1.989000000000000000e+03 1.176000000000000000e+03
1.988500000000000000e+03 1.175500000000000000e+03
1.992000000000000000e+03 1.183000000000000000e+03
1.997000000000000000e+03 1.193000000000000000e+03
1.999500000000000000e+03 1.201500000000000000e+03
1.997000000000000000e+03 1.206000000000000000e+03
1.993000000000000000e+03 1.226000000000000000e+03
1.988500000000000000e+03 1.202500000000000000e+03
1.980500000000000000e+03 1.220500000000000000e+03
1.970500000000000000e+03 1.210500000000000000e+03
1.964500000000000000e+03 1.205500000000000000e+03
1.966500000000000000e+03 1.195500000000000000e+03
1.965500000000000000e+03 1.213500000000000000e+03
1.965000000000000000e+03 1.225000000000000000e+03
1.962500000000000000e+03 1.229500000000000000e+03
1.959000000000000000e+03 1.230000000000000000e+03
1.954500000000000000e+03 1.231500000000000000e+03
1.947000000000000000e+03 1.227000000000000000e+03
1.941000000000000000e+03 1.222000000000000000e+03
1.935000000000000000e+03 1.219000000000000000e+03
1.936000000000000000e+03 1.231000000000000000e+03
1.936500000000000000e+03 1.241500000000000000e+03
1.935000000000000000e+03 1.231000000000000000e+03
1.931000000000000000e+03 1.232000000000000000e+03
1.926000000000000000e+03 1.235000000000000000e+03
1.918000000000000000e+03 1.234000000000000000e+03
1.912000000000000000e+03 1.229000000000000000e+03
1.896000000000000000e+03 1.218000000000000000e+03
1.890500000000000000e+03 1.218500000000000000e+03
1.889000000000000000e+03 1.222000000000000000e+03
1.885000000000000000e+03 1.227000000000000000e+03
1.883000000000000000e+03 1.251000000000000000e+03
1.881500000000000000e+03 1.257500000000000000e+03
1.875500000000000000e+03 1.254500000000000000e+03
1.869500000000000000e+03 1.239500000000000000e+03
1.851500000000000000e+03 1.230500000000000000e+03
1.848500000000000000e+03 1.235500000000000000e+03
1.843000000000000000e+03 1.252000000000000000e+03
1.840000000000000000e+03 1.259000000000000000e+03
1.839000000000000000e+03 1.257000000000000000e+03
1.834000000000000000e+03 1.259000000000000000e+03
1.828500000000000000e+03 1.261500000000000000e+03
1.818500000000000000e+03 1.261500000000000000e+03
1.809500000000000000e+03 1.255500000000000000e+03
1.796500000000000000e+03 1.250500000000000000e+03
1.786000000000000000e+03 1.287000000000000000e+03
1.777500000000000000e+03 1.287500000000000000e+03
1.772500000000000000e+03 1.288500000000000000e+03
1.769000000000000000e+03 1.296000000000000000e+03
1.766500000000000000e+03 1.301500000000000000e+03
1.762000000000000000e+03 1.308000000000000000e+03
1.756000000000000000e+03 1.300000000000000000e+03
1.739000000000000000e+03 1.283000000000000000e+03
1.738000000000000000e+03 1.292000000000000000e+03
1.726500000000000000e+03 1.295500000000000000e+03
1.716000000000000000e+03 1.296000000000000000e+03
1.714000000000000000e+03 1.307000000000000000e+03
1.710500000000000000e+03 1.309500000000000000e+03
1.704000000000000000e+03 1.313000000000000000e+03
1.695000000000000000e+03 1.312000000000000000e+03
1.684500000000000000e+03 1.315500000000000000e+03
1.672500000000000000e+03 1.307500000000000000e+03
1.658500000000000000e+03 1.299500000000000000e+03
1.650500000000000000e+03 1.309500000000000000e+03
1.642500000000000000e+03 1.312500000000000000e+03
1.637500000000000000e+03 1.318500000000000000e+03
1.632000000000000000e+03 1.328000000000000000e+03
1.630000000000000000e+03 1.318000000000000000e+03
1.623000000000000000e+03 1.333000000000000000e+03
1.600000000000000000e+03 1.317000000000000000e+03
1.593000000000000000e+03 1.320000000000000000e+03
1.595500000000000000e+03 1.329500000000000000e+03
1.585000000000000000e+03 1.331000000000000000e+03
1.573000000000000000e+03 1.332000000000000000e+03
1.570000000000000000e+03 1.341000000000000000e+03
1.563500000000000000e+03 1.346500000000000000e+03
1.556000000000000000e+03 1.353000000000000000e+03
1.549500000000000000e+03 1.354500000000000000e+03
1.535500000000000000e+03 1.355500000000000000e+03
1.521500000000000000e+03 1.349500000000000000e+03
1.508000000000000000e+03 1.343000000000000000e+03
1.500000000000000000e+03 1.343000000000000000e+03
1.493000000000000000e+03 1.347000000000000000e+03
1.484000000000000000e+03 1.348000000000000000e+03
1.477500000000000000e+03 1.359500000000000000e+03
1.477000000000000000e+03 1.361000000000000000e+03
1.470000000000000000e+03 1.365000000000000000e+03
1.454000000000000000e+03 1.357000000000000000e+03
1.448000000000000000e+03 1.361000000000000000e+03
1.435000000000000000e+03 1.357000000000000000e+03
1.424500000000000000e+03 1.360500000000000000e+03
1.416000000000000000e+03 1.363000000000000000e+03
1.410500000000000000e+03 1.369500000000000000e+03
1.404500000000000000e+03 1.374500000000000000e+03
1.399500000000000000e+03 1.377500000000000000e+03
1.386500000000000000e+03 1.374500000000000000e+03
1.379000000000000000e+03 1.379000000000000000e+03
1.364000000000000000e+03 1.370000000000000000e+03
1.353500000000000000e+03 1.369500000000000000e+03
1.339500000000000000e+03 1.362500000000000000e+03
1.331000000000000000e+03 1.375000000000000000e+03
1.324000000000000000e+03 1.379000000000000000e+03
1.320500000000000000e+03 1.387500000000000000e+03
1.314000000000000000e+03 1.378000000000000000e+03
1.307000000000000000e+03 1.378000000000000000e+03
1.293500000000000000e+03 1.389500000000000000e+03
1.284500000000000000e+03 1.389500000000000000e+03
1.274500000000000000e+03 1.389500000000000000e+03
1.262500000000000000e+03 1.389500000000000000e+03
1.254000000000000000e+03 1.391000000000000000e+03
1.248000000000000000e+03 1.404000000000000000e+03
1.241500000000000000e+03 1.409500000000000000e+03
1.233000000000000000e+03 1.415000000000000000e+03
1.222500000000000000e+03 1.412500000000000000e+03
1.205500000000000000e+03 1.405500000000000000e+03
1.196500000000000000e+03 1.406500000000000000e+03
1.185500000000000000e+03 1.408500000000000000e+03
1.174500000000000000e+03 1.405500000000000000e+03
1.164000000000000000e+03 1.407000000000000000e+03
1.158000000000000000e+03 1.416000000000000000e+03
1.154000000000000000e+03 1.425000000000000000e+03
1.148000000000000000e+03 1.430000000000000000e+03
1.139000000000000000e+03 1.433000000000000000e+03
1.123000000000000000e+03 1.423000000000000000e+03
1.115500000000000000e+03 1.424500000000000000e+03
