1.330000000000000000e+02 1.959000000000000000e+03
2.571264343261718750e+02 1.633603271484375000e+03
2.770000000000000000e+02 1.575000000000000000e+03
5.544000244140625000e+02 1.290000000000000000e+03
3.046563720703125000e+02 1.194243179321289062e+03
4.194095458984375000e+02 1.203076812744140625e+03
4.488000030517578125e+02 1.280560012817382812e+03
6.761590881347656250e+02 1.930963623046875000e+03
8.780000000000000000e+02 1.741000000000000000e+03
1.002712036132812500e+03 1.695912048339843750e+03
1.010226959228515625e+03 1.694381591796875000e+03
1.058928039550781250e+03 1.674456054687500000e+03
1.222872039794921875e+03 1.165424011230468750e+03
1.191905639648437500e+03 1.152416015625000000e+03
1.204074996948242188e+03 1.144509468078613281e+03
1.142428810119628906e+03 1.176195213317871094e+03
1.225032005310058594e+03 1.166408012390136719e+03
1.232200004577636719e+03 1.610000000000000000e+03
1.248296005249023438e+03 1.601144042968750000e+03
1.283000000000000000e+03 1.166000000000000000e+03
1.329000000000000000e+03 1.139000000000000000e+03
1.384000000000000000e+03 1.071000000000000000e+03
1.514411361694335938e+03 1.482565002441406250e+03
1.650990905761718750e+03 1.476037872314453125e+03
1.671520004272460938e+03 1.449160003662109375e+03
1.702624023437500000e+03 1.450504028320312500e+03
1.594800003051757812e+03 1.400200012207031250e+03
1.716960006713867188e+03 1.375120025634765625e+03
1.720240005493164062e+03 1.354600006103515625e+03
1.745225616455078125e+03 1.292360031127929688e+03
1.711000000000000000e+03 1.381000000000000000e+03
1.727114578247070312e+03 1.416481689453125000e+03
1.835000000000000000e+03 1.282000000000000000e+03
1.855000000000000000e+03 1.519000000000000000e+03
1.856000000000000000e+03 1.527000030517578125e+03
1.823000000000000000e+03 1.358000000000000000e+03
1.780000000000000000e+03 1.293000000000000000e+03
1.838600006103515625e+03 1.356320007324218750e+03
1.869486106872558594e+03 1.355203582763671875e+03
1.867385612487792969e+03 1.340979232788085938e+03
1.895136009216308594e+03 1.322376022338867188e+03
1.923320007324218750e+03 1.349656036376953125e+03
1.927000000000000000e+03 1.312000000000000000e+03
1.879400001525878906e+03 1.280600006103515625e+03
1.950200004577636719e+03 1.310800003051757812e+03
1.959080001831054688e+03 1.372760009765625000e+03
1.978000000000000000e+03 1.359000000000000000e+03
1.931000000000000000e+03 1.349000000000000000e+03
1.952000000000000000e+03 1.332000015258789062e+03
1.981120002746582031e+03 1.357640014648437500e+03
1.990000000000000000e+03 1.392000000000000000e+03
1.979385612487792969e+03 1.362273651123046875e+03
1.987000000000000000e+03 1.363000000000000000e+03
1.993600006103515625e+03 1.393400024414062500e+03
1.986000000000000000e+03 1.336200012207031250e+03
1.955000000000000000e+03 1.273000000000000000e+03
1.989216011047363281e+03 1.301088012695312500e+03
2.032000000000000000e+03 1.363000000000000000e+03
2.045000000000000000e+03 1.270000000000000000e+03
2.025224006652832031e+03 1.380840026855468750e+03
1.978568004608154297e+03 1.296704010009765625e+03
1.972000000000000000e+03 1.280000000000000000e+03
2.017800003051757812e+03 1.361200012207031250e+03
1.968200000762939453e+03 1.268400009155273438e+03
2.013960006713867188e+03 1.339280014038085938e+03
2.008319999694824219e+03 1.300240005493164062e+03
1.998800003051757812e+03 1.318400009155273438e+03
2.013800003051757812e+03 1.313000000000000000e+03
2.027000000000000000e+03 1.244000000000000000e+03
2.003000000000000000e+03 1.359000000000000000e+03
2.032000000000000000e+03 1.383000000000000000e+03
1.989400001525878906e+03 1.310600006103515625e+03
2.009000000000000000e+03 1.318000000000000000e+03
1.968000000000000000e+03 1.271000000000000000e+03
2.009400001525878906e+03 1.298800003051757812e+03
1.968000000000000000e+03 1.278000000000000000e+03
2.025000000000000000e+03 1.308000000000000000e+03
1.963000000000000000e+03 1.256000000000000000e+03
2.015800003051757812e+03 1.258400001525878906e+03
2.010000000000000000e+03 1.239000000000000000e+03
1.963000000000000000e+03 1.288000000000000000e+03
1.985000000000000000e+03 1.310000000000000000e+03
1.978000000000000000e+03 1.336000000000000000e+03
1.973800003051757812e+03 1.312000000000000000e+03
1.973000000000000000e+03 1.290000000000000000e+03
1.969000000000000000e+03 1.294000000000000000e+03
1.962720001220703125e+03 1.357880004882812500e+03
1.953000000000000000e+03 1.342000000000000000e+03
1.950600002288818359e+03 1.290000007629394531e+03
1.954600002288818359e+03 1.324600006103515625e+03
1.951000000000000000e+03 1.303000000000000000e+03
1.944000000000000000e+03 1.343000000000000000e+03
1.950000000000000000e+03 1.357000000000000000e+03
1.953000000000000000e+03 1.301000000000000000e+03
1.946120002746582031e+03 1.311240005493164062e+03
1.951000000000000000e+03 1.353000000000000000e+03
1.936000000000000000e+03 1.267800003051757812e+03
1.925000000000000000e+03 1.294000000000000000e+03
1.915000000000000000e+03 1.340000000000000000e+03
1.904000000000000000e+03 1.327000000000000000e+03
1.900000000000000000e+03 1.338000000000000000e+03
1.896000000000000000e+03 1.297000000000000000e+03
1.889000000000000000e+03 1.324600006103515625e+03
1.887000000000000000e+03 1.351000000000000000e+03
1.894000000000000000e+03 1.271000000000000000e+03
1.888000000000000000e+03 1.271800003051757812e+03
1.000000000000000000e+17 1.000000000000000000e+17
1.853000000000000000e+03 1.343000000000000000e+03
1.850000000000000000e+03 1.346000000000000000e+03
1.848000000000000000e+03 1.358000000000000000e+03
1.837200000762939453e+03 1.346200012207031250e+03
1.847000000000000000e+03 1.362000000000000000e+03
1.847000000000000000e+03 1.362000000000000000e+03
1.836000000000000000e+03 1.362600006103515625e+03
1.836000000000000000e+03 1.346000000000000000e+03
1.819000000000000000e+03 1.290000000000000000e+03
1.791000000000000000e+03 1.325000000000000000e+03
1.786000000000000000e+03 1.301000000000000000e+03
1.781000000000000000e+03 1.352000000000000000e+03
1.777000000000000000e+03 1.320000000000000000e+03
1.770000000000000000e+03 1.321000000000000000e+03
1.761000000000000000e+03 1.363000000000000000e+03
1.752800003051757812e+03 1.340800003051757812e+03
1.764000000000000000e+03 1.309000000000000000e+03
1.736000000000000000e+03 1.324000000000000000e+03
1.734200000762939453e+03 1.326600006103515625e+03
1.735000000000000000e+03 1.344000000000000000e+03
1.716000000000000000e+03 1.377000000000000000e+03
1.719000000000000000e+03 1.372000000000000000e+03
1.712000000000000000e+03 1.367000000000000000e+03
1.701960002899169922e+03 1.355600006103515625e+03
1.700000000000000000e+03 1.308000000000000000e+03
1.692000000000000000e+03 1.303000000000000000e+03
1.679000000000000000e+03 1.362000000000000000e+03
1.000000000000000000e+17 1.000000000000000000e+17
1.647000000000000000e+03 1.361000000000000000e+03
1.639000000000000000e+03 1.373000000000000000e+03
1.000000000000000000e+17 1.000000000000000000e+17
1.628000000000000000e+03 1.373000000000000000e+03
1.635000000000000000e+03 1.320000000000000000e+03
1.623000000000000000e+03 1.318000000000000000e+03
1.000000000000000000e+17 1.000000000000000000e+17
1.000000000000000000e+17 1.000000000000000000e+17
1.592000000000000000e+03 1.367000000000000000e+03
1.584000000000000000e+03 1.375000000000000000e+03
1.000000000000000000e+17 1.000000000000000000e+17
1.576000000000000000e+03 1.358000000000000000e+03
1.561000000000000000e+03 1.358400001525878906e+03
1.562000000000000000e+03 1.337000000000000000e+03
1.552000000000000000e+03 1.336000000000000000e+03
1.538600002288818359e+03 1.344200000762939453e+03
1.000000000000000000e+17 1.000000000000000000e+17
1.000000000000000000e+17 1.000000000000000000e+17
1.000000000000000000e+17 1.000000000000000000e+17
1.000000000000000000e+17 1.000000000000000000e+17
1.000000000000000000e+17 1.000000000000000000e+17
1.474000000000000000e+03 1.375000000000000000e+03
1.476400001525878906e+03 1.385600002288818359e+03
1.000000000000000000e+17 1.000000000000000000e+17
1.000000000000000000e+17 1.000000000000000000e+17
1.000000000000000000e+17 1.000000000000000000e+17
1.000000000000000000e+17 1.000000000000000000e+17
1.000000000000000000e+17 1.000000000000000000e+17
1.000000000000000000e+17 1.000000000000000000e+17
1.000000000000000000e+17 1.000000000000000000e+17
1.409000000000000000e+03 1.372000000000000000e+03
1.401000000000000000e+03 1.365000000000000000e+03
1.000000000000000000e+17 1.000000000000000000e+17
1.000000000000000000e+17 1.000000000000000000e+17
1.000000000000000000e+17 1.000000000000000000e+17
1.000000000000000000e+17 1.000000000000000000e+17
1.000000000000000000e+17 1.000000000000000000e+17
1.000000000000000000e+17 1.000000000000000000e+17
1.000000000000000000e+17 1.000000000000000000e+17
1.000000000000000000e+17 1.000000000000000000e+17
1.315000000000000000e+03 1.382000000000000000e+03
1.305200000762939453e+03 1.383400001525878906e+03
1.000000000000000000e+17 1.000000000000000000e+17
1.000000000000000000e+17 1.000000000000000000e+17
1.000000000000000000e+17 1.000000000000000000e+17
1.000000000000000000e+17 1.000000000000000000e+17
1.000000000000000000e+17 1.000000000000000000e+17
1.000000000000000000e+17 1.000000000000000000e+17
1.246000000000000000e+03 1.406000000000000000e+03
1.225000000000000000e+03 1.433000000000000000e+03
1.215000000000000000e+03 1.421000000000000000e+03
1.000000000000000000e+17 1.000000000000000000e+17
1.000000000000000000e+17 1.000000000000000000e+17
1.000000000000000000e+17 1.000000000000000000e+17
1.000000000000000000e+17 1.000000000000000000e+17
1.000000000000000000e+17 1.000000000000000000e+17
1.000000000000000000e+17 1.000000000000000000e+17
1.000000000000000000e+17 1.000000000000000000e+17
1.000000000000000000e+17 1.000000000000000000e+17
1.000000000000000000e+17 1.000000000000000000e+17
1.000000000000000000e+17 1.000000000000000000e+17
1.000000000000000000e+17 1.000000000000000000e+17
