1.320000000000000000e+02 1.958400024414062500e+03
2.332800292968750000e+02 1.584528045654296875e+03
5.124000244140625000e+02 1.859800048828125000e+03
5.308416748046875000e+02 1.270905639648437500e+03
4.653520507812500000e+02 1.265243225097656250e+03
6.020000000000000000e+02 1.300000000000000000e+03
8.244000244140625000e+02 1.758400024414062500e+03
8.786000061035156250e+02 1.740600036621093750e+03
7.992413635253906250e+02 1.756554077148437500e+03
1.009278442382812500e+03 1.692110473632812500e+03
1.058680023193359375e+03 1.675119995117187500e+03
1.058640014648437500e+03 1.675320007324218750e+03
1.254840026855468750e+03 1.206320007324218750e+03
1.182367095947265625e+03 1.157392669677734375e+03
1.287682556152343750e+03 1.493869689941406250e+03
1.315200012207031250e+03 1.185200004577636719e+03
1.202568004608154297e+03 1.620872070312500000e+03
1.323400009155273438e+03 1.116800003051757812e+03
1.257800003051757812e+03 1.130840003967285156e+03
1.288400001525878906e+03 1.169400009155273438e+03
1.349000000000000000e+03 1.113400001525878906e+03
1.366800003051757812e+03 1.096000003814697266e+03
1.636104019165039062e+03 1.638248046875000000e+03
1.653728027343750000e+03 1.486544036865234375e+03
1.689018936157226562e+03 1.307878784179687500e+03
1.685205795288085938e+03 1.569874359130859375e+03
1.790400009155273438e+03 1.508200012207031250e+03
1.714800003051757812e+03 1.384000000000000000e+03
1.696048011779785156e+03 1.495720031738281250e+03
1.730480010986328125e+03 1.466600006103515625e+03
1.714672004699707031e+03 1.376304016113281250e+03
1.730017608642578125e+03 1.420628845214843750e+03
1.838528015136718750e+03 1.277272018432617188e+03
1.848200012207031250e+03 1.520400024414062500e+03
1.853600006103515625e+03 1.537800018310546875e+03
1.886000000000000000e+03 1.416000000000000000e+03
1.785000000000000000e+03 1.294000000000000000e+03
1.899080001831054688e+03 1.259840011596679688e+03
1.876121612548828125e+03 1.356862426757812500e+03
1.878560005187988281e+03 1.324160003662109375e+03
1.894560005187988281e+03 1.323240005493164062e+03
1.932200004577636719e+03 1.351000000000000000e+03
1.927997787475585938e+03 1.316437179565429688e+03
1.938486106872558594e+03 1.311437179565429688e+03
1.929556182861328125e+03 1.368250305175781250e+03
1.938459213256835938e+03 1.300875228881835938e+03
1.952753616333007812e+03 1.304022430419921875e+03
1.984000000000000000e+03 1.375000000000000000e+03
1.965920005798339844e+03 1.320000015258789062e+03
1.958944015502929688e+03 1.362420837402343750e+03
1.960000000000000000e+03 1.370000000000000000e+03
1.987680007934570312e+03 1.374600006103515625e+03
2.020919998168945312e+03 1.430640014648437500e+03
2.000000000000000000e+03 1.389000000000000000e+03
1.999000000000000000e+03 1.357000000000000000e+03
1.951000000000000000e+03 1.264200012207031250e+03
1.952000000000000000e+03 1.260000000000000000e+03
2.007200004577636719e+03 1.303600006103515625e+03
2.018496009826660156e+03 1.307528015136718750e+03
1.992392005920410156e+03 1.335912017822265625e+03
2.040000000000000000e+03 1.327000000000000000e+03
2.026200004577636719e+03 1.272800003051757812e+03
2.017000000000000000e+03 1.309000000000000000e+03
1.999304008483886719e+03 1.333824020385742188e+03
2.013000000000000000e+03 1.301000000000000000e+03
1.996800003051757812e+03 1.334800003051757812e+03
1.978000000000000000e+03 1.294000000000000000e+03
2.025000000000000000e+03 1.381000000000000000e+03
2.008400001525878906e+03 1.365000015258789062e+03
1.968000000000000000e+03 1.267000000000000000e+03
1.999000000000000000e+03 1.277000000000000000e+03
1.993000003814697266e+03 1.340600006103515625e+03
1.965000000000000000e+03 1.262000000000000000e+03
2.002200004577636719e+03 1.290000000000000000e+03
2.017000000000000000e+03 1.287000000000000000e+03
2.024000000000000000e+03 1.325000000000000000e+03
2.017080001831054688e+03 1.289639999389648438e+03
2.006000000000000000e+03 1.239000000000000000e+03
2.003319999694824219e+03 1.237760002136230469e+03
1.999000000000000000e+03 1.333000000000000000e+03
2.009000000000000000e+03 1.351000000000000000e+03
1.987000000000000000e+03 1.335000000000000000e+03
1.953200000762939453e+03 1.278200004577636719e+03
1.978600002288818359e+03 1.294000000000000000e+03
1.970400001525878906e+03 1.291600006103515625e+03
1.963000000000000000e+03 1.288000000000000000e+03
1.974000000000000000e+03 1.348000000000000000e+03
1.953000000000000000e+03 1.340000000000000000e+03
1.949000000000000000e+03 1.348000000000000000e+03
1.951000000000000000e+03 1.288000000000000000e+03
1.950000000000000000e+03 1.288000000000000000e+03
1.924000000000000000e+03 1.297000000000000000e+03
1.947000000000000000e+03 1.293000000000000000e+03
1.939000000000000000e+03 1.341000000000000000e+03
1.936040000915527344e+03 1.237800003051757812e+03
1.944000000000000000e+03 1.265160003662109375e+03
1.939600006103515625e+03 1.263000000000000000e+03
1.920208007812500000e+03 1.288048011779785156e+03
1.919000000000000000e+03 1.320000000000000000e+03
1.885000000000000000e+03 1.297000000000000000e+03
1.000000000000000000e+17 1.000000000000000000e+17
1.000000000000000000e+17 1.000000000000000000e+17
1.895000000000000000e+03 1.330000000000000000e+03
1.890000000000000000e+03 1.358000000000000000e+03
1.874640003204345703e+03 1.347120010375976562e+03
1.868800003051757812e+03 1.301800003051757812e+03
1.000000000000000000e+17 1.000000000000000000e+17
1.000000000000000000e+17 1.000000000000000000e+17
1.847000000000000000e+03 1.342000000000000000e+03
1.851000000000000000e+03 1.359000000000000000e+03
1.834800003051757812e+03 1.334200004577636719e+03
1.829000000000000000e+03 1.364000000000000000e+03
1.848600006103515625e+03 1.288000000000000000e+03
1.839000000000000000e+03 1.285000000000000000e+03
1.839000000000000000e+03 1.358000000000000000e+03
1.823000000000000000e+03 1.284000000000000000e+03
1.801000000000000000e+03 1.343000000000000000e+03
1.000000000000000000e+17 1.000000000000000000e+17
1.000000000000000000e+17 1.000000000000000000e+17
1.000000000000000000e+17 1.000000000000000000e+17
1.767000000000000000e+03 1.346000000000000000e+03
1.762000000000000000e+03 1.359000000000000000e+03
1.752800003051757812e+03 1.367200004577636719e+03
1.754800003051757812e+03 1.325200004577636719e+03
1.000000000000000000e+17 1.000000000000000000e+17
1.739000000000000000e+03 1.324200004577636719e+03
1.729200000762939453e+03 1.329400001525878906e+03
1.000000000000000000e+17 1.000000000000000000e+17
1.715000000000000000e+03 1.367000000000000000e+03
1.714600002288818359e+03 1.334000000000000000e+03
1.709400001525878906e+03 1.306400001525878906e+03
1.702000003814697266e+03 1.322600002288818359e+03
1.694200000762939453e+03 1.318000003814697266e+03
1.680000000000000000e+03 1.328000000000000000e+03
1.000000000000000000e+17 1.000000000000000000e+17
1.000000000000000000e+17 1.000000000000000000e+17
1.000000000000000000e+17 1.000000000000000000e+17
1.000000000000000000e+17 1.000000000000000000e+17
1.625000000000000000e+03 1.381000000000000000e+03
1.632400001525878906e+03 1.315600002288818359e+03
1.625200000762939453e+03 1.360400001525878906e+03
1.000000000000000000e+17 1.000000000000000000e+17
1.000000000000000000e+17 1.000000000000000000e+17
1.600000000000000000e+03 1.329000000000000000e+03
1.000000000000000000e+17 1.000000000000000000e+17
1.000000000000000000e+17 1.000000000000000000e+17
1.562000000000000000e+03 1.375000000000000000e+03
1.567000000000000000e+03 1.387000000000000000e+03
1.550200000762939453e+03 1.358000003814697266e+03
1.551000000000000000e+03 1.344000000000000000e+03
1.530200000762939453e+03 1.359800003051757812e+03
1.000000000000000000e+17 1.000000000000000000e+17
1.000000000000000000e+17 1.000000000000000000e+17
1.000000000000000000e+17 1.000000000000000000e+17
1.000000000000000000e+17 1.000000000000000000e+17
1.000000000000000000e+17 1.000000000000000000e+17
1.471000000000000000e+03 1.374000000000000000e+03
1.471000000000000000e+03 1.374000000000000000e+03
1.000000000000000000e+17 1.000000000000000000e+17
1.000000000000000000e+17 1.000000000000000000e+17
1.000000000000000000e+17 1.000000000000000000e+17
1.000000000000000000e+17 1.000000000000000000e+17
1.000000000000000000e+17 1.000000000000000000e+17
1.000000000000000000e+17 1.000000000000000000e+17
1.000000000000000000e+17 1.000000000000000000e+17
1.411000000000000000e+03 1.378000000000000000e+03
1.397000000000000000e+03 1.370000000000000000e+03
1.000000000000000000e+17 1.000000000000000000e+17
1.000000000000000000e+17 1.000000000000000000e+17
1.000000000000000000e+17 1.000000000000000000e+17
1.000000000000000000e+17 1.000000000000000000e+17
1.000000000000000000e+17 1.000000000000000000e+17
1.000000000000000000e+17 1.000000000000000000e+17
1.000000000000000000e+17 1.000000000000000000e+17
1.000000000000000000e+17 1.000000000000000000e+17
1.000000000000000000e+17 1.000000000000000000e+17
1.300000000000000000e+03 1.401000000000000000e+03
1.000000000000000000e+17 1.000000000000000000e+17
1.000000000000000000e+17 1.000000000000000000e+17
1.000000000000000000e+17 1.000000000000000000e+17
1.000000000000000000e+17 1.000000000000000000e+17
1.000000000000000000e+17 1.000000000000000000e+17
1.000000000000000000e+17 1.000000000000000000e+17
1.000000000000000000e+17 1.000000000000000000e+17
1.000000000000000000e+17 1.000000000000000000e+17
1.218200000762939453e+03 1.416600002288818359e+03
1.000000000000000000e+17 1.000000000000000000e+17
1.000000000000000000e+17 1.000000000000000000e+17
1.000000000000000000e+17 1.000000000000000000e+17
1.000000000000000000e+17 1.000000000000000000e+17
1.000000000000000000e+17 1.000000000000000000e+17
1.000000000000000000e+17 1.000000000000000000e+17
1.000000000000000000e+17 1.000000000000000000e+17
1.000000000000000000e+17 1.000000000000000000e+17
1.000000000000000000e+17 1.000000000000000000e+17
1.000000000000000000e+17 1.000000000000000000e+17
1.000000000000000000e+17 1.000000000000000000e+17
