1.000000000000000000e+17 1.000000000000000000e+17
1.339199981689453125e+02 1.501920013427734375e+03
2.570000000000000000e+02 1.527000000000000000e+03
6.460000000000000000e+02 6.310000000000000000e+02
4.608000183105468750e+02 1.464800018310546875e+03
2.621572723388671875e+02 1.502402282714843750e+03
6.890000000000000000e+02 1.506000000000000000e+03
5.148109130859375000e+02 1.283021141052246094e+03
7.984000244140625000e+02 1.478400024414062500e+03
6.462000045776367188e+02 1.477800018310546875e+03
8.808227233886718750e+02 1.275245002746582031e+03
1.089600006103515625e+03 1.485000000000000000e+03
9.892432250976562500e+02 1.464070434570312500e+03
1.380000000000000000e+03 1.856000000000000000e+03
1.100159088134765625e+03 1.462332183837890625e+03
1.590505310058593750e+03 1.823636352539062500e+03
1.297600006103515625e+03 1.449200012207031250e+03
1.678009643554687500e+03 1.834318481445312500e+03
1.807200012207031250e+03 1.429000000000000000e+03
1.747200000762939453e+03 1.839000000000000000e+03
2.053000000000000000e+03 1.371000000000000000e+03
1.853425376892089844e+03 1.793664367675781250e+03
2.230981811523437500e+03 1.334155456542968750e+03
2.289382446289062500e+03 1.192784011840820312e+03
2.415230468750000000e+03 1.192744094848632812e+03
2.508991149902343750e+03 1.320738616943359375e+03
2.613713043212890625e+03 1.265018936157226562e+03
2.571826370239257812e+03 1.212910461425781250e+03
2.692828186035156250e+03 1.524897735595703125e+03
2.777720001220703125e+03 1.251800003051757812e+03
2.947483886718750000e+03 1.201345947265625000e+03
2.991878784179687500e+03 1.248018936157226562e+03
3.115000000000000000e+03 1.166000000000000000e+03
3.409160034179687500e+03 1.110240005493164062e+03
3.277600006103515625e+03 1.118000007629394531e+03
3.296000000000000000e+03 1.138000000000000000e+03
3.543180236816406250e+03 1.182624038696289062e+03
3.664368026733398438e+03 1.067936004638671875e+03
3.772520019531250000e+03 1.082664009094238281e+03
