1.140000000000000000e+02 1.965000000000000000e+03
1.644000091552734375e+02 1.602000030517578125e+03
6.062400512695312500e+02 1.296040008544921875e+03
5.971969604492187500e+02 1.522640747070312500e+03
5.200000000000000000e+02 1.291000000000000000e+03
6.023600158691406250e+02 1.299560012817382812e+03
4.986618194580078125e+02 1.592727722167968750e+03
5.300000000000000000e+02 1.284000000000000000e+03
8.015306091308593750e+02 1.766706420898437500e+03
9.930000000000000000e+02 1.698000000000000000e+03
1.065000000000000000e+03 1.674000000000000000e+03
1.065494445800781250e+03 1.674110473632812500e+03
1.027000000000000000e+03 1.688000000000000000e+03
1.204000000000000000e+03 1.177000000000000000e+03
1.297304016113281250e+03 1.573952026367187500e+03
1.152796813964843750e+03 1.640681701660156250e+03
1.282200012207031250e+03 1.154600006103515625e+03
1.216600002288818359e+03 1.174400001525878906e+03
1.239080001831054688e+03 1.606040039062500000e+03
1.322000000000000000e+03 1.138200004577636719e+03
1.349576011657714844e+03 1.126091209411621094e+03
1.361000000000000000e+03 1.116000000000000000e+03
1.599000015258789062e+03 1.573400024414062500e+03
1.661600006103515625e+03 1.127600006103515625e+03
1.702000015258789062e+03 1.310200012207031250e+03
1.681600006103515625e+03 1.570600006103515625e+03
1.670000000000000000e+03 1.370000000000000000e+03
1.662000000000000000e+03 1.128000000000000000e+03
1.733787551879882812e+03 1.374621826171875000e+03
1.741078414916992188e+03 1.273697631835937500e+03
1.792000000000000000e+03 1.428000000000000000e+03
1.727114578247070312e+03 1.436388244628906250e+03
1.840256011962890625e+03 1.292824020385742188e+03
1.852000000000000000e+03 1.538000000000000000e+03
1.805312011718750000e+03 1.364760040283203125e+03
1.874000000000000000e+03 1.272000000000000000e+03
1.789400001525878906e+03 1.296400009155273438e+03
1.806200000762939453e+03 1.292000015258789062e+03
1.876000000000000000e+03 1.359000000000000000e+03
1.838355209350585938e+03 1.355494445800781250e+03
1.828800003051757812e+03 1.363800018310546875e+03
1.931268814086914062e+03 1.350347229003906250e+03
1.953710418701171875e+03 1.266256027221679688e+03
1.970600006103515625e+03 1.226600006103515625e+03
1.961720001220703125e+03 1.457680023193359375e+03
1.946408012390136719e+03 1.301912017822265625e+03
1.977800003051757812e+03 1.358800018310546875e+03
1.948280006408691406e+03 1.318040008544921875e+03
1.965000000000000000e+03 1.317000000000000000e+03
1.976800003051757812e+03 1.359800018310546875e+03
1.956649612426757812e+03 1.389230438232421875e+03
1.990560005187988281e+03 1.410600006103515625e+03
2.023800003051757812e+03 1.426320007324218750e+03
1.984000000000000000e+03 1.343000015258789062e+03
1.942000000000000000e+03 1.262000000000000000e+03
1.952000000000000000e+03 1.267000000000000000e+03
2.001600006103515625e+03 1.295040008544921875e+03
2.003000000000000000e+03 1.302000000000000000e+03
2.026000000000000000e+03 1.308000000000000000e+03
2.034000000000000000e+03 1.249000000000000000e+03
2.047000000000000000e+03 1.266000000000000000e+03
2.031000000000000000e+03 1.261000000000000000e+03
1.961000000000000000e+03 1.260000000000000000e+03
2.013800003051757812e+03 1.345200012207031250e+03
2.007000000000000000e+03 1.315000000000000000e+03
1.994000000000000000e+03 1.341000000000000000e+03
2.007440002441406250e+03 1.313600006103515625e+03
2.026000000000000000e+03 1.384000000000000000e+03
2.001680000305175781e+03 1.364040008544921875e+03
1.984000000000000000e+03 1.291000000000000000e+03
2.022000000000000000e+03 1.257000000000000000e+03
2.012000000000000000e+03 1.350000000000000000e+03
2.003600006103515625e+03 1.314200012207031250e+03
2.006000000000000000e+03 1.343000000000000000e+03
2.007000000000000000e+03 1.288000000000000000e+03
2.018000000000000000e+03 1.288000000000000000e+03
2.016000000000000000e+03 1.362000000000000000e+03
2.005200004577636719e+03 1.233400001525878906e+03
2.004000000000000000e+03 1.219000000000000000e+03
2.011000000000000000e+03 1.353000000000000000e+03
1.954000000000000000e+03 1.264000000000000000e+03
1.990000000000000000e+03 1.333000000000000000e+03
1.956800003051757812e+03 1.293800003051757812e+03
1.967000000000000000e+03 1.328000000000000000e+03
1.969000000000000000e+03 1.298000000000000000e+03
1.971000000000000000e+03 1.342000000000000000e+03
1.959000000000000000e+03 1.290000000000000000e+03
1.969000000000000000e+03 1.237000000000000000e+03
1.959000000000000000e+03 1.344000000000000000e+03
1.940000000000000000e+03 1.321000000000000000e+03
1.946000000000000000e+03 1.343000000000000000e+03
1.944000000000000000e+03 1.306000000000000000e+03
1.931000000000000000e+03 1.316000000000000000e+03
1.957000000000000000e+03 1.343000000000000000e+03
1.937000003814697266e+03 1.233000003814697266e+03
1.942000000000000000e+03 1.262000000000000000e+03
1.935000000000000000e+03 1.339000000000000000e+03
1.934000000000000000e+03 1.264000000000000000e+03
1.927000000000000000e+03 1.250000000000000000e+03
1.000000000000000000e+17 1.000000000000000000e+17
1.000000000000000000e+17 1.000000000000000000e+17
1.000000000000000000e+17 1.000000000000000000e+17
1.882000000000000000e+03 1.361000000000000000e+03
1.876800003051757812e+03 1.354000000000000000e+03
1.874400001525878906e+03 1.360800003051757812e+03
1.870000000000000000e+03 1.301000000000000000e+03
1.000000000000000000e+17 1.000000000000000000e+17
1.000000000000000000e+17 1.000000000000000000e+17
1.842000000000000000e+03 1.325000000000000000e+03
1.837000000000000000e+03 1.344000000000000000e+03
1.853000000000000000e+03 1.337000000000000000e+03
1.839800003051757812e+03 1.350200012207031250e+03
1.824000000000000000e+03 1.359000000000000000e+03
1.833360000610351562e+03 1.354200012207031250e+03
1.830800003051757812e+03 1.282200004577636719e+03
1.823400001525878906e+03 1.283800003051757812e+03
1.000000000000000000e+17 1.000000000000000000e+17
1.000000000000000000e+17 1.000000000000000000e+17
1.000000000000000000e+17 1.000000000000000000e+17
1.000000000000000000e+17 1.000000000000000000e+17
1.766400001525878906e+03 1.340200004577636719e+03
1.766600002288818359e+03 1.360400001525878906e+03
1.770000000000000000e+03 1.299000000000000000e+03
1.766000000000000000e+03 1.301000000000000000e+03
1.000000000000000000e+17 1.000000000000000000e+17
1.742000000000000000e+03 1.338000000000000000e+03
1.732000000000000000e+03 1.336000000000000000e+03
1.000000000000000000e+17 1.000000000000000000e+17
1.714400001525878906e+03 1.371000007629394531e+03
1.714000000000000000e+03 1.374000000000000000e+03
1.718000000000000000e+03 1.306000000000000000e+03
1.703000000000000000e+03 1.322000000000000000e+03
1.690600002288818359e+03 1.325200000762939453e+03
1.000000000000000000e+17 1.000000000000000000e+17
1.000000000000000000e+17 1.000000000000000000e+17
1.000000000000000000e+17 1.000000000000000000e+17
1.000000000000000000e+17 1.000000000000000000e+17
1.000000000000000000e+17 1.000000000000000000e+17
1.630400001525878906e+03 1.345600002288818359e+03
1.623000000000000000e+03 1.383000000000000000e+03
1.608000000000000000e+03 1.367000000000000000e+03
1.000000000000000000e+17 1.000000000000000000e+17
1.000000000000000000e+17 1.000000000000000000e+17
1.000000000000000000e+17 1.000000000000000000e+17
1.000000000000000000e+17 1.000000000000000000e+17
1.000000000000000000e+17 1.000000000000000000e+17
1.576000000000000000e+03 1.375000000000000000e+03
1.000000000000000000e+17 1.000000000000000000e+17
1.540000000000000000e+03 1.366000000000000000e+03
1.542200000762939453e+03 1.360400001525878906e+03
1.000000000000000000e+17 1.000000000000000000e+17
1.000000000000000000e+17 1.000000000000000000e+17
1.000000000000000000e+17 1.000000000000000000e+17
1.000000000000000000e+17 1.000000000000000000e+17
1.000000000000000000e+17 1.000000000000000000e+17
1.000000000000000000e+17 1.000000000000000000e+17
1.476000000000000000e+03 1.412000000000000000e+03
1.479000000000000000e+03 1.365000000000000000e+03
1.000000000000000000e+17 1.000000000000000000e+17
1.000000000000000000e+17 1.000000000000000000e+17
1.000000000000000000e+17 1.000000000000000000e+17
1.000000000000000000e+17 1.000000000000000000e+17
1.000000000000000000e+17 1.000000000000000000e+17
1.000000000000000000e+17 1.000000000000000000e+17
1.000000000000000000e+17 1.000000000000000000e+17
1.401000000000000000e+03 1.406000000000000000e+03
1.403000000000000000e+03 1.412200004577636719e+03
1.000000000000000000e+17 1.000000000000000000e+17
1.000000000000000000e+17 1.000000000000000000e+17
1.000000000000000000e+17 1.000000000000000000e+17
1.000000000000000000e+17 1.000000000000000000e+17
1.000000000000000000e+17 1.000000000000000000e+17
1.000000000000000000e+17 1.000000000000000000e+17
1.000000000000000000e+17 1.000000000000000000e+17
1.000000000000000000e+17 1.000000000000000000e+17
1.000000000000000000e+17 1.000000000000000000e+17
1.000000000000000000e+17 1.000000000000000000e+17
1.000000000000000000e+17 1.000000000000000000e+17
1.000000000000000000e+17 1.000000000000000000e+17
1.000000000000000000e+17 1.000000000000000000e+17
1.000000000000000000e+17 1.000000000000000000e+17
1.000000000000000000e+17 1.000000000000000000e+17
1.000000000000000000e+17 1.000000000000000000e+17
1.000000000000000000e+17 1.000000000000000000e+17
1.000000000000000000e+17 1.000000000000000000e+17
1.218000000000000000e+03 1.417000000000000000e+03
1.000000000000000000e+17 1.000000000000000000e+17
1.000000000000000000e+17 1.000000000000000000e+17
1.000000000000000000e+17 1.000000000000000000e+17
1.000000000000000000e+17 1.000000000000000000e+17
1.000000000000000000e+17 1.000000000000000000e+17
1.000000000000000000e+17 1.000000000000000000e+17
1.000000000000000000e+17 1.000000000000000000e+17
1.000000000000000000e+17 1.000000000000000000e+17
1.000000000000000000e+17 1.000000000000000000e+17
1.000000000000000000e+17 1.000000000000000000e+17
1.000000000000000000e+17 1.000000000000000000e+17
