1.000000000000000000e+17 1.000000000000000000e+17
1.000000000000000000e+17 1.000000000000000000e+17
1.000000000000000000e+17 1.000000000000000000e+17
1.000000000000000000e+17 1.000000000000000000e+17
1.000000000000000000e+17 1.000000000000000000e+17
1.000000000000000000e+17 1.000000000000000000e+17
1.000000000000000000e+17 1.000000000000000000e+17
1.000000000000000000e+17 1.000000000000000000e+17
1.000000000000000000e+17 1.000000000000000000e+17
1.000000000000000000e+17 1.000000000000000000e+17
1.000000000000000000e+17 1.000000000000000000e+17
1.000000000000000000e+17 1.000000000000000000e+17
-1.430667105880259804e+01 1.326411896734533080e+01
-1.427766265783380817e+01 1.322862894561666280e+01
-1.387173518492397051e+01 1.273200126698886336e+01
-1.382364613710622692e+01 1.267316722943543006e+01
-1.378434293430684043e+01 1.262508214115851146e+01
-1.376108925542111727e+01 1.259663267337110248e+01
-1.376108925542111727e+01 1.259663267337110248e+01
-1.376108925542111727e+01 1.259663267337110248e+01
-1.379998143457321014e+01 1.264421489910867891e+01
-1.387345956137365022e+01 1.269566633875331618e+01
-1.382364613710622692e+01 1.267316722943543006e+01
-1.383814628172057581e+01 1.258451600172055862e+01
-1.384090366918676729e+01 1.254008929995655564e+01
-1.379186875918721711e+01 1.250162290961975309e+01
-1.386571798871849914e+01 1.247937471396654985e+01
-1.394504000141598077e+01 1.248378349085785288e+01
-1.399865894805150646e+01 1.250489757244121414e+01
-1.411434139966890022e+01 1.256724130125969552e+01
-1.416414252548300645e+01 1.256120545736593641e+01
-1.417368268143573928e+01 1.251511164530529108e+01
-1.415377999532886477e+01 1.246760928780630273e+01
-1.412442750790426871e+01 1.242019708896121344e+01
-1.430319089881299988e+01 1.256074562381245840e+01
-1.413788648610029952e+01 1.250375761217263815e+01
-1.452132640584300916e+01 1.262403251163559048e+01
-1.444339797363750222e+01 1.252116222681084423e+01
-1.454302259701824163e+01 1.259584496592044545e+01
-1.457584954550124401e+01 1.256826270763630760e+01
-1.442791711610849248e+01 1.236692467715824684e+01
-1.458643302478806802e+01 1.244076898397906206e+01
-1.457802379384190061e+01 1.234307568820655021e+01
-1.474825060910221097e+01 1.239802322396762690e+01
-1.488400901486313188e+01 1.243363514103749878e+01
-1.493945524784350098e+01 1.237459152953828934e+01
-1.515973695113435227e+01 1.250871035252951557e+01
-1.510024968153854630e+01 1.243219592170434495e+01
-1.505586933302137709e+01 1.233716457098684316e+01
-1.498320845409178759e+01 1.222339015997422607e+01
-1.506687753417072528e+01 1.221428967877698568e+01
-1.522226237305206631e+01 1.221613881893243914e+01
-1.535666783933549517e+01 1.216490758990304499e+01
-1.563374476669384450e+01 1.224298731033507792e+01
-1.575242436978168215e+01 1.228939502876378675e+01
-1.562660191239310414e+01 1.215541682693913472e+01
-1.562798217063423145e+01 1.203627419033314183e+01
-1.565242417998254076e+01 1.196064266830460632e+01
-1.581370695448372032e+01 1.191374764260721264e+01
-1.604238511944394219e+01 1.187444925177745603e+01
-1.636137918441326278e+01 1.188834789443103723e+01
-1.682555156888105330e+01 1.196179987590840099e+01
-1.696287839707829903e+01 1.197189970650386392e+01
-1.690952056135320092e+01 1.189848598745051333e+01
-1.681942371742735176e+01 1.176690910592762407e+01
-1.691658036084443140e+01 1.169011493255522716e+01
-1.708774699315593182e+01 1.162058257085481650e+01
-1.739726748245182719e+01 1.155368390672335011e+01
-1.798295580991105425e+01 1.152004441118828026e+01
-1.867857206104486778e+01 1.152300438327795540e+01
-1.946950952574280080e+01 1.154207009404862205e+01
-1.943032517008998639e+01 1.146742617508730078e+01
-1.931877848105348860e+01 1.127811803620029529e+01
-1.939726362554971217e+01 1.112287509025093613e+01
-1.966707423410672462e+01 1.096377034128840933e+01
-2.032911868662166555e+01 1.077396401643789048e+01
-2.150909037727488382e+01 1.059844158558333405e+01
-2.331450292567698312e+01 1.044112180258292355e+01
-2.650869255356477794e+01 1.031305263540884809e+01
-2.704977800577004032e+01 1.031010397371862908e+01
-2.673109504436753525e+01 1.010191572517278402e+01
-2.690622898222337511e+01 9.822321660999962845e+00
-2.759887881328136316e+01 9.545341413816638365e+00
-2.977524103146777179e+01 9.132358875395492959e+00
-3.394339722735248444e+01 8.414831064720637244e+00
-4.430832076327782687e+01 7.094888890057360342e+00
-7.066014395735913922e+01 3.724935172133506001e+00
-1.420031991344071969e+02 -5.109820696958166764e+00
2.658454356268900654e+01 1.074790027023734851e+01
-2.420527224439568137e+00 7.995245672388746172e+00
-3.162573152258631559e+00 8.053561626021743081e+00
