1.000000000000000000e+17 1.000000000000000000e+17
1.679616241455078125e+02 1.429659240722656250e+03
9.360000610351562500e+01 1.211400009155273438e+03
1.080000076293945312e+02 1.204600006103515625e+03
1.726000022888183594e+02 1.443000000000000000e+03
5.383280181884765625e+02 1.463328033447265625e+03
7.249200134277343750e+02 1.305240005493164062e+03
7.192000045776367188e+02 1.369160003662109375e+03
8.328400039672851562e+02 1.437920013427734375e+03
8.870000000000000000e+02 1.392000000000000000e+03
9.940000000000000000e+02 1.409000000000000000e+03
1.210411361694335938e+03 1.462819091796875000e+03
1.445720001220703125e+03 1.204120002746582031e+03
1.731000000000000000e+03 1.400000000000000000e+03
1.775352020263671875e+03 1.287872009277343750e+03
1.726000000000000000e+03 1.301000000000000000e+03
1.823173095703125000e+03 1.275425376892089844e+03
1.908400009155273438e+03 1.398800003051757812e+03
1.994000000000000000e+03 1.245000000000000000e+03
2.043400009155273438e+03 1.722400024414062500e+03
2.223962875366210938e+03 1.705458312988281250e+03
2.319000000000000000e+03 1.684000000000000000e+03
2.408920013427734375e+03 1.685440032958984375e+03
2.458640014648437500e+03 1.678360015869140625e+03
2.555800003051757812e+03 1.399400009155273438e+03
2.421997787475585938e+03 1.669175811767578125e+03
2.621104019165039062e+03 1.276952011108398438e+03
2.689000000000000000e+03 1.389000000000000000e+03
2.776654434204101562e+03 1.686958465576171875e+03
2.801816024780273438e+03 1.384896011352539062e+03
2.842000000000000000e+03 1.543000000000000000e+03
2.862320007324218750e+03 1.611800018310546875e+03
2.885268814086914062e+03 1.443433624267578125e+03
2.915661819458007812e+03 1.428490005493164062e+03
3.040000000000000000e+03 1.447000000000000000e+03
3.029256011962890625e+03 1.530728027343750000e+03
3.039152008056640625e+03 1.383296005249023438e+03
3.010723213195800781e+03 1.510476821899414062e+03
3.103800003051757812e+03 1.556880004882812500e+03
3.158000000000000000e+03 1.381000000000000000e+03
3.169600006103515625e+03 1.390600006103515625e+03
3.148000000000000000e+03 1.479000000000000000e+03
3.223600006103515625e+03 1.289800003051757812e+03
3.204520004272460938e+03 1.551440002441406250e+03
3.250000000000000000e+03 1.516000000000000000e+03
3.294600006103515625e+03 1.380400009155273438e+03
3.218400001525878906e+03 1.375400001525878906e+03
3.344000000000000000e+03 1.627000000000000000e+03
3.340000007629394531e+03 1.606400024414062500e+03
3.329600006103515625e+03 1.568600006103515625e+03
3.397000000000000000e+03 1.558000000000000000e+03
3.378000000000000000e+03 1.450400009155273438e+03
