1.000000000000000000e+17 1.000000000000000000e+17
1.200000000000000000e+02 1.793000000000000000e+03
2.861568603515625000e+02 1.294736419677734375e+03
5.255333251953125000e+02 1.103117034912109375e+03
4.790000000000000000e+02 1.240000000000000000e+03
2.170000000000000000e+02 1.307000000000000000e+03
6.996734619140625000e+02 1.297360229492187500e+03
5.702992248535156250e+02 1.085121612548828125e+03
8.915984802246093750e+02 1.286570434570312500e+03
7.080000000000000000e+02 1.290000000000000000e+03
1.028822723388671875e+03 1.092577728271484375e+03
1.247600006103515625e+03 1.292600006103515625e+03
1.079243225097656250e+03 1.287291259765625000e+03
1.489600036621093750e+03 1.685800048828125000e+03
1.221476821899414062e+03 1.290512054443359375e+03
1.722400024414062500e+03 1.663800048828125000e+03
1.433000000000000000e+03 1.277000000000000000e+03
1.828000000000000000e+03 1.685000000000000000e+03
1.910552017211914062e+03 1.304224029541015625e+03
1.828000000000000000e+03 1.723000000000000000e+03
2.092512023925781250e+03 1.249480041503906250e+03
1.918400001525878906e+03 1.671800048828125000e+03
2.326000030517578125e+03 1.196800003051757812e+03
2.395308868408203125e+03 1.103520019531250000e+03
2.533757568359375000e+03 1.098299240112304688e+03
2.589560028076171875e+03 1.219960021972656250e+03
2.665000000000000000e+03 1.208000000000000000e+03
2.547268814086914062e+03 1.094048019409179688e+03
2.674563217163085938e+03 1.439603271484375000e+03
2.629568004608154297e+03 1.198536010742187500e+03
2.781824554443359375e+03 1.110245002746582031e+03
2.964243225097656250e+03 1.171992034912109375e+03
3.001904998779296875e+03 1.106744094848632812e+03
3.254000000000000000e+03 1.064000000000000000e+03
3.070400024414062500e+03 1.057400001525878906e+03
3.102553970336914062e+03 1.090392669677734375e+03
3.280180236816406250e+03 1.151647399902343750e+03
1.899121612548828125e+03 1.070091209411621094e+03
3.263000000000000000e+03 1.059000000000000000e+03
