1.380000000000000000e+02 1.958000000000000000e+03
2.436563720703125000e+02 1.591733184814453125e+03
6.024000244140625000e+02 1.299400024414062500e+03
5.430000000000000000e+02 1.292000000000000000e+03
5.296336669921875000e+02 1.321230438232421875e+03
6.052400207519531250e+02 1.301000015258789062e+03
7.524000244140625000e+02 1.782400024414062500e+03
5.989520111083984375e+02 1.827864074707031250e+03
8.038000030517578125e+02 1.765800048828125000e+03
8.590000152587890625e+02 1.744200012207031250e+03
1.064440002441406250e+03 1.673680053710937500e+03
1.040000000000000000e+03 1.683000000000000000e+03
1.207458312988281250e+03 1.168810913085937500e+03
1.203800018310546875e+03 1.176800003051757812e+03
1.286488189697265625e+03 1.491480926513671875e+03
1.165200004577636719e+03 1.636400024414062500e+03
1.335000000000000000e+03 1.824200012207031250e+03
1.212000000000000000e+03 1.163000000000000000e+03
1.257000000000000000e+03 1.130000000000000000e+03
1.277600002288818359e+03 1.156200004577636719e+03
1.313000000000000000e+03 1.175000000000000000e+03
1.579000000000000000e+03 1.566000000000000000e+03
1.592046966552734375e+03 1.571547363281250000e+03
1.662000000000000000e+03 1.128000000000000000e+03
1.645600006103515625e+03 1.516840026855468750e+03
1.657120010375976562e+03 1.633960021972656250e+03
1.828800018310546875e+03 1.364200012207031250e+03
1.662000007629394531e+03 1.128400001525878906e+03
1.711000000000000000e+03 1.358000000000000000e+03
1.720425376892089844e+03 1.350752655029296875e+03
1.715000000000000000e+03 1.377000000000000000e+03
1.721800003051757812e+03 1.432600006103515625e+03
1.759040008544921875e+03 1.458712036132812500e+03
1.851800003051757812e+03 1.532400024414062500e+03
1.821200004577636719e+03 1.546200012207031250e+03
1.873800003051757812e+03 1.272600006103515625e+03
1.789208007812500000e+03 1.295824020385742188e+03
1.801160003662109375e+03 1.291520004272460938e+03
1.876400001525878906e+03 1.357400024414062500e+03
1.826000003814697266e+03 1.286000015258789062e+03
1.842000000000000000e+03 1.358000000000000000e+03
1.960299224853515625e+03 1.362788848876953125e+03
1.895000000000000000e+03 1.351000000000000000e+03
1.968680007934570312e+03 1.252040008544921875e+03
1.961144012451171875e+03 1.457968048095703125e+03
1.960232009887695312e+03 1.377944030761718750e+03
1.981000000000000000e+03 1.368000000000000000e+03
1.956459213256835938e+03 1.379672027587890625e+03
1.974800003051757812e+03 1.328400009155273438e+03
1.946502410888671875e+03 1.372788848876953125e+03
1.956304008483886719e+03 1.389576019287109375e+03
1.973856010437011719e+03 1.360200012207031250e+03
2.023800003051757812e+03 1.426800018310546875e+03
1.996000007629394531e+03 1.403720001220703125e+03
1.947600002288818359e+03 1.271400009155273438e+03
1.948000000000000000e+03 1.262000000000000000e+03
2.007000000000000000e+03 1.316000000000000000e+03
2.007000000000000000e+03 1.302000000000000000e+03
2.043000000000000000e+03 1.413000000000000000e+03
1.968000000000000000e+03 1.279000000000000000e+03
2.033000000000000000e+03 1.247000000000000000e+03
2.029560005187988281e+03 1.269680007934570312e+03
2.020000000000000000e+03 1.363000000000000000e+03
2.013000000000000000e+03 1.345000000000000000e+03
2.011800003051757812e+03 1.298000000000000000e+03
2.000000000000000000e+03 1.319000000000000000e+03
2.001200004577636719e+03 1.296800003051757812e+03
2.025800003051757812e+03 1.385000000000000000e+03
2.002000000000000000e+03 1.365000000000000000e+03
1.965000000000000000e+03 1.259000000000000000e+03
2.008600006103515625e+03 1.345400009155273438e+03
1.999240005493164062e+03 1.279400009155273438e+03
1.990000000000000000e+03 1.311000000000000000e+03
2.008000000000000000e+03 1.288000000000000000e+03
2.007000000000000000e+03 1.288000000000000000e+03
2.009880004882812500e+03 1.286520004272460938e+03
2.009400001525878906e+03 1.296600006103515625e+03
2.009760002136230469e+03 1.286440002441406250e+03
2.015000000000000000e+03 1.270000000000000000e+03
1.956000000000000000e+03 1.264000000000000000e+03
2.000000000000000000e+03 1.352000000000000000e+03
1.986800003051757812e+03 1.334800003051757812e+03
1.954000000000000000e+03 1.279000000000000000e+03
1.966840003967285156e+03 1.328320007324218750e+03
1.970160003662109375e+03 1.293040008544921875e+03
1.966280002593994141e+03 1.291080001831054688e+03
1.962720001220703125e+03 1.291640007019042969e+03
1.966000000000000000e+03 1.351000000000000000e+03
1.958040000915527344e+03 1.344480010986328125e+03
1.938000000000000000e+03 1.318000000000000000e+03
1.945000000000000000e+03 1.338000000000000000e+03
1.936000000000000000e+03 1.311000000000000000e+03
1.954000000000000000e+03 1.362000000000000000e+03
1.955000000000000000e+03 1.323000000000000000e+03
1.937480003356933594e+03 1.233480003356933594e+03
1.935000000000000000e+03 1.337000000000000000e+03
1.934800003051757812e+03 1.338600006103515625e+03
1.924000000000000000e+03 1.346000000000000000e+03
1.927000000000000000e+03 1.250000000000000000e+03
1.000000000000000000e+17 1.000000000000000000e+17
1.000000000000000000e+17 1.000000000000000000e+17
1.000000000000000000e+17 1.000000000000000000e+17
1.894000000000000000e+03 1.328000000000000000e+03
1.882000000000000000e+03 1.361000000000000000e+03
1.875600002288818359e+03 1.302000000000000000e+03
1.867000000000000000e+03 1.301000000000000000e+03
1.000000000000000000e+17 1.000000000000000000e+17
1.000000000000000000e+17 1.000000000000000000e+17
1.851200000762939453e+03 1.346200012207031250e+03
1.837000000000000000e+03 1.347000000000000000e+03
1.837000000000000000e+03 1.362000000000000000e+03
1.824000000000000000e+03 1.359000000000000000e+03
1.849000000000000000e+03 1.367000000000000000e+03
1.838400001525878906e+03 1.284600006103515625e+03
1.831000000000000000e+03 1.282000000000000000e+03
1.825800003051757812e+03 1.287400001525878906e+03
1.000000000000000000e+17 1.000000000000000000e+17
1.000000000000000000e+17 1.000000000000000000e+17
1.000000000000000000e+17 1.000000000000000000e+17
1.000000000000000000e+17 1.000000000000000000e+17
1.766000000000000000e+03 1.341000000000000000e+03
1.761800003051757812e+03 1.372400001525878906e+03
1.773000000000000000e+03 1.299000000000000000e+03
1.763000000000000000e+03 1.301000000000000000e+03
1.000000000000000000e+17 1.000000000000000000e+17
1.743000000000000000e+03 1.336000000000000000e+03
1.717000000000000000e+03 1.344000000000000000e+03
1.000000000000000000e+17 1.000000000000000000e+17
1.717000000000000000e+03 1.369000000000000000e+03
1.711000000000000000e+03 1.361000000000000000e+03
1.711000000000000000e+03 1.362000000000000000e+03
1.697200000762939453e+03 1.298600002288818359e+03
1.698000000000000000e+03 1.308000000000000000e+03
1.686000000000000000e+03 1.318000000000000000e+03
1.000000000000000000e+17 1.000000000000000000e+17
1.000000000000000000e+17 1.000000000000000000e+17
1.000000000000000000e+17 1.000000000000000000e+17
1.000000000000000000e+17 1.000000000000000000e+17
1.631000000000000000e+03 1.346000000000000000e+03
1.631000000000000000e+03 1.358000000000000000e+03
1.607000000000000000e+03 1.348000000000000000e+03
1.000000000000000000e+17 1.000000000000000000e+17
1.000000000000000000e+17 1.000000000000000000e+17
1.000000000000000000e+17 1.000000000000000000e+17
1.000000000000000000e+17 1.000000000000000000e+17
1.000000000000000000e+17 1.000000000000000000e+17
1.578000000000000000e+03 1.361000000000000000e+03
1.568000000000000000e+03 1.333000000000000000e+03
1.554000000000000000e+03 1.360000000000000000e+03
1.542000000000000000e+03 1.360000000000000000e+03
1.000000000000000000e+17 1.000000000000000000e+17
1.000000000000000000e+17 1.000000000000000000e+17
1.000000000000000000e+17 1.000000000000000000e+17
1.000000000000000000e+17 1.000000000000000000e+17
1.000000000000000000e+17 1.000000000000000000e+17
1.000000000000000000e+17 1.000000000000000000e+17
1.477000000000000000e+03 1.407000000000000000e+03
1.479000000000000000e+03 1.373000000000000000e+03
1.000000000000000000e+17 1.000000000000000000e+17
1.000000000000000000e+17 1.000000000000000000e+17
1.000000000000000000e+17 1.000000000000000000e+17
1.000000000000000000e+17 1.000000000000000000e+17
1.000000000000000000e+17 1.000000000000000000e+17
1.000000000000000000e+17 1.000000000000000000e+17
1.000000000000000000e+17 1.000000000000000000e+17
1.403000000000000000e+03 1.408000000000000000e+03
1.404000000000000000e+03 1.413000000000000000e+03
1.000000000000000000e+17 1.000000000000000000e+17
1.000000000000000000e+17 1.000000000000000000e+17
1.000000000000000000e+17 1.000000000000000000e+17
1.000000000000000000e+17 1.000000000000000000e+17
1.000000000000000000e+17 1.000000000000000000e+17
1.000000000000000000e+17 1.000000000000000000e+17
1.000000000000000000e+17 1.000000000000000000e+17
1.000000000000000000e+17 1.000000000000000000e+17
1.000000000000000000e+17 1.000000000000000000e+17
1.000000000000000000e+17 1.000000000000000000e+17
1.000000000000000000e+17 1.000000000000000000e+17
1.000000000000000000e+17 1.000000000000000000e+17
1.000000000000000000e+17 1.000000000000000000e+17
1.000000000000000000e+17 1.000000000000000000e+17
1.000000000000000000e+17 1.000000000000000000e+17
1.000000000000000000e+17 1.000000000000000000e+17
1.000000000000000000e+17 1.000000000000000000e+17
1.000000000000000000e+17 1.000000000000000000e+17
1.215000000000000000e+03 1.415000000000000000e+03
1.000000000000000000e+17 1.000000000000000000e+17
1.000000000000000000e+17 1.000000000000000000e+17
1.000000000000000000e+17 1.000000000000000000e+17
1.000000000000000000e+17 1.000000000000000000e+17
1.000000000000000000e+17 1.000000000000000000e+17
1.000000000000000000e+17 1.000000000000000000e+17
1.000000000000000000e+17 1.000000000000000000e+17
1.000000000000000000e+17 1.000000000000000000e+17
1.000000000000000000e+17 1.000000000000000000e+17
1.000000000000000000e+17 1.000000000000000000e+17
1.000000000000000000e+17 1.000000000000000000e+17
