1.100000000000000000e+02 1.967000000000000000e+03
2.567946777343750000e+02 1.629953796386718750e+03
2.820000000000000000e+02 1.574000000000000000e+03
5.190000000000000000e+02 1.288000000000000000e+03
3.595984802246093750e+02 1.169857635498046875e+03
6.050000000000000000e+02 1.301000000000000000e+03
4.634880065917968750e+02 1.271632019042968750e+03
5.350000000000000000e+02 1.265000000000000000e+03
7.978000030517578125e+02 1.763400024414062500e+03
1.009000000000000000e+03 1.693000000000000000e+03
1.022668548583984375e+03 1.689902648925781250e+03
1.064400024414062500e+03 1.673400024414062500e+03
1.208000000000000000e+03 1.166000000000000000e+03
1.191905639648437500e+03 1.171078414916992188e+03
1.122000000000000000e+03 1.652000000000000000e+03
1.169040000915527344e+03 1.634000000000000000e+03
1.267245002746582031e+03 1.705972717285156250e+03
1.239880004882812500e+03 1.606400024414062500e+03
1.274216011047363281e+03 1.150136009216308594e+03
1.286000000000000000e+03 1.168000000000000000e+03
1.328840003967285156e+03 1.138360000610351562e+03
1.381200000762939453e+03 1.080400001525878906e+03
1.611157272338867188e+03 1.511230468750000000e+03
1.649000000000000000e+03 1.566000000000000000e+03
1.658000000000000000e+03 1.454000000000000000e+03
1.690182434082031250e+03 1.604710845947265625e+03
1.609200000762939453e+03 1.649800048828125000e+03
1.705152023315429688e+03 1.376156829833984375e+03
1.708000000000000000e+03 1.354000000000000000e+03
1.720342414855957031e+03 1.354568023681640625e+03
1.715017608642578125e+03 1.378377655029296875e+03
1.731400009155273438e+03 1.429960021972656250e+03
1.836800003051757812e+03 1.286200012207031250e+03
1.852000000000000000e+03 1.528000000000000000e+03
1.858400009155273438e+03 1.506600006103515625e+03
1.822200004577636719e+03 1.357800018310546875e+03
1.788200000762939453e+03 1.290400009155273438e+03
1.834856010437011719e+03 1.361216033935546875e+03
1.820480003356933594e+03 1.300760009765625000e+03
1.873523483276367188e+03 1.329864776611328125e+03
1.895000000000000000e+03 1.320000000000000000e+03
1.940392669677734375e+03 1.388086791992187500e+03
1.931400001525878906e+03 1.312000015258789062e+03
1.947195213317871094e+03 1.369083251953125000e+03
1.951000000000000000e+03 1.309000000000000000e+03
1.960232009887695312e+03 1.372760040283203125e+03
1.952000000000000000e+03 1.303000000000000000e+03
1.941944015502929688e+03 1.379672027587890625e+03
1.971680015563964844e+03 1.338316833496093750e+03
1.953137939453125000e+03 1.318460525512695312e+03
1.990000007629394531e+03 1.404600006103515625e+03
1.927200000762939453e+03 1.271400009155273438e+03
1.986600006103515625e+03 1.362000000000000000e+03
1.989000000000000000e+03 1.357000000000000000e+03
1.989600006103515625e+03 1.342440002441406250e+03
1.954000000000000000e+03 1.270000000000000000e+03
1.994000000000000000e+03 1.295000000000000000e+03
2.019000000000000000e+03 1.310000000000000000e+03
2.032800003051757812e+03 1.253000007629394531e+03
2.022200004577636719e+03 1.303800003051757812e+03
1.960000000000000000e+03 1.250000000000000000e+03
1.967400001525878906e+03 1.277600006103515625e+03
2.018040000915527344e+03 1.360720016479492188e+03
2.001032005310058594e+03 1.323456024169921875e+03
2.009639999389648438e+03 1.322000015258789062e+03
1.991000000000000000e+03 1.322000000000000000e+03
1.987000000000000000e+03 1.322000000000000000e+03
1.979000000000000000e+03 1.302200012207031250e+03
2.003120010375976562e+03 1.290888015747070312e+03
2.005000000000000000e+03 1.362920013427734375e+03
2.008000000000000000e+03 1.350000000000000000e+03
1.997800003051757812e+03 1.338440002441406250e+03
2.005000000000000000e+03 1.306000000000000000e+03
2.007000000000000000e+03 1.348000000000000000e+03
2.011000000000000000e+03 1.292000000000000000e+03
1.973000000000000000e+03 1.285000000000000000e+03
2.022000000000000000e+03 1.375000000000000000e+03
1.974000000000000000e+03 1.291000000000000000e+03
2.013400001525878906e+03 1.257200004577636719e+03
1.953000000000000000e+03 1.263000000000000000e+03
1.960200000762939453e+03 1.283000007629394531e+03
1.988000000000000000e+03 1.330000000000000000e+03
1.978000000000000000e+03 1.286000000000000000e+03
1.972600002288818359e+03 1.334800003051757812e+03
1.967000000000000000e+03 1.307000000000000000e+03
1.967000000000000000e+03 1.291000000000000000e+03
1.973000000000000000e+03 1.353000000000000000e+03
1.959024005889892578e+03 1.352712020874023438e+03
1.953000003814697266e+03 1.287600006103515625e+03
1.933000000000000000e+03 1.304000000000000000e+03
1.942000000000000000e+03 1.336000000000000000e+03
1.941000000000000000e+03 1.334000000000000000e+03
1.949000000000000000e+03 1.296000000000000000e+03
1.938000000000000000e+03 1.343000000000000000e+03
1.944200004577636719e+03 1.318200012207031250e+03
1.950000000000000000e+03 1.351800003051757812e+03
1.944000000000000000e+03 1.263000000000000000e+03
1.924240005493164062e+03 1.294960006713867188e+03
1.919000000000000000e+03 1.322000000000000000e+03
1.892000000000000000e+03 1.308000000000000000e+03
1.880000000000000000e+03 1.301000000000000000e+03
1.898000000000000000e+03 1.336000000000000000e+03
1.891000000000000000e+03 1.304000000000000000e+03
1.882080001831054688e+03 1.304800003051757812e+03
1.870800003051757812e+03 1.353600006103515625e+03
1.879000000000000000e+03 1.359000000000000000e+03
1.000000000000000000e+17 1.000000000000000000e+17
1.856000000000000000e+03 1.320000000000000000e+03
1.852000000000000000e+03 1.352000000000000000e+03
1.838000000000000000e+03 1.357000000000000000e+03
1.846000000000000000e+03 1.362000000000000000e+03
1.831000000000000000e+03 1.336000000000000000e+03
1.836600002288818359e+03 1.346560012817382812e+03
1.833600002288818359e+03 1.278600006103515625e+03
1.833000000000000000e+03 1.355000000000000000e+03
1.810000000000000000e+03 1.289000000000000000e+03
1.793000000000000000e+03 1.327400001525878906e+03
1.000000000000000000e+17 1.000000000000000000e+17
1.000000000000000000e+17 1.000000000000000000e+17
1.767000000000000000e+03 1.345000000000000000e+03
1.763000000000000000e+03 1.325000000000000000e+03
1.768000000000000000e+03 1.325000000000000000e+03
1.761200000762939453e+03 1.325200004577636719e+03
1.749000000000000000e+03 1.321000000000000000e+03
1.000000000000000000e+17 1.000000000000000000e+17
1.735400001525878906e+03 1.324200004577636719e+03
1.726000000000000000e+03 1.372000000000000000e+03
1.720000000000000000e+03 1.367000000000000000e+03
1.720000000000000000e+03 1.375000000000000000e+03
1.722000000000000000e+03 1.311000000000000000e+03
1.712000000000000000e+03 1.309000000000000000e+03
1.705600002288818359e+03 1.329800003051757812e+03
1.694200000762939453e+03 1.308400001525878906e+03
1.681000000000000000e+03 1.349000000000000000e+03
1.000000000000000000e+17 1.000000000000000000e+17
1.000000000000000000e+17 1.000000000000000000e+17
1.000000000000000000e+17 1.000000000000000000e+17
1.000000000000000000e+17 1.000000000000000000e+17
1.626000000000000000e+03 1.375000000000000000e+03
1.639000000000000000e+03 1.319000000000000000e+03
1.623000000000000000e+03 1.325000000000000000e+03
1.000000000000000000e+17 1.000000000000000000e+17
1.000000000000000000e+17 1.000000000000000000e+17
1.594000000000000000e+03 1.359000000000000000e+03
1.588000000000000000e+03 1.368000000000000000e+03
1.000000000000000000e+17 1.000000000000000000e+17
1.574000000000000000e+03 1.359000000000000000e+03
1.574000000000000000e+03 1.336000000000000000e+03
1.565000000000000000e+03 1.338000000000000000e+03
1.550600002288818359e+03 1.346000000000000000e+03
1.543000000000000000e+03 1.343000000000000000e+03
1.000000000000000000e+17 1.000000000000000000e+17
1.000000000000000000e+17 1.000000000000000000e+17
1.000000000000000000e+17 1.000000000000000000e+17
1.000000000000000000e+17 1.000000000000000000e+17
1.000000000000000000e+17 1.000000000000000000e+17
1.470000000000000000e+03 1.381000000000000000e+03
1.477600002288818359e+03 1.383200000762939453e+03
1.000000000000000000e+17 1.000000000000000000e+17
1.000000000000000000e+17 1.000000000000000000e+17
1.000000000000000000e+17 1.000000000000000000e+17
1.000000000000000000e+17 1.000000000000000000e+17
1.000000000000000000e+17 1.000000000000000000e+17
1.000000000000000000e+17 1.000000000000000000e+17
1.000000000000000000e+17 1.000000000000000000e+17
1.409000000000000000e+03 1.374000000000000000e+03
1.399400001525878906e+03 1.373800003051757812e+03
1.000000000000000000e+17 1.000000000000000000e+17
1.000000000000000000e+17 1.000000000000000000e+17
1.000000000000000000e+17 1.000000000000000000e+17
1.000000000000000000e+17 1.000000000000000000e+17
1.000000000000000000e+17 1.000000000000000000e+17
1.000000000000000000e+17 1.000000000000000000e+17
1.000000000000000000e+17 1.000000000000000000e+17
1.000000000000000000e+17 1.000000000000000000e+17
1.314000000000000000e+03 1.387000000000000000e+03
1.305000000000000000e+03 1.379000000000000000e+03
1.000000000000000000e+17 1.000000000000000000e+17
1.000000000000000000e+17 1.000000000000000000e+17
1.000000000000000000e+17 1.000000000000000000e+17
1.000000000000000000e+17 1.000000000000000000e+17
1.000000000000000000e+17 1.000000000000000000e+17
1.000000000000000000e+17 1.000000000000000000e+17
1.000000000000000000e+17 1.000000000000000000e+17
1.231000000000000000e+03 1.437000000000000000e+03
1.223000000000000000e+03 1.423000000000000000e+03
1.000000000000000000e+17 1.000000000000000000e+17
1.000000000000000000e+17 1.000000000000000000e+17
1.000000000000000000e+17 1.000000000000000000e+17
1.000000000000000000e+17 1.000000000000000000e+17
1.000000000000000000e+17 1.000000000000000000e+17
1.000000000000000000e+17 1.000000000000000000e+17
1.000000000000000000e+17 1.000000000000000000e+17
1.000000000000000000e+17 1.000000000000000000e+17
1.000000000000000000e+17 1.000000000000000000e+17
1.000000000000000000e+17 1.000000000000000000e+17
1.000000000000000000e+17 1.000000000000000000e+17
