1.200776031494140625e+03 1.180888031005859375e+03
1.358600006103515625e+03 1.220400024414062500e+03
1.680760009765625000e+03 1.639560058593750000e+03
1.869000000000000000e+03 1.105000000000000000e+03
1.816864776611328125e+03 9.774393920898437500e+02
2.053424041748046875e+03 1.165848022460937500e+03
1.821200004577636719e+03 1.105600006103515625e+03
1.828576004028320312e+03 1.083616012573242188e+03
2.067131057739257812e+03 1.587818542480468750e+03
2.297624023437500000e+03 1.569552062988281250e+03
2.303200012207031250e+03 1.568400024414062500e+03
2.362000000000000000e+03 1.562000000000000000e+03
2.413800003051757812e+03 1.553200012207031250e+03
2.537320007324218750e+03 1.062840003967285156e+03
2.604016723632812500e+03 1.056556182861328125e+03
2.580000000000000000e+03 1.734000000000000000e+03
2.499000000000000000e+03 1.541000000000000000e+03
2.503080001831054688e+03 1.540040039062500000e+03
2.500400001525878906e+03 1.081400001525878906e+03
2.676600006103515625e+03 1.079800003051757812e+03
2.825074996948242188e+03 1.501978210449218750e+03
2.731400001525878906e+03 1.038200000762939453e+03
2.944052841186523438e+03 1.547062500000000000e+03
2.960728027343750000e+03 1.547547302246093750e+03
2.972624023437500000e+03 1.636256042480468750e+03
2.986717483520507812e+03 1.548757568359375000e+03
3.083520019531250000e+03 1.528440032958984375e+03
2.846137939453125000e+03 1.342156860351562500e+03
3.081160903930664062e+03 1.296155456542968750e+03
3.086453407287597656e+03 1.362612487792968750e+03
3.062440002441406250e+03 1.390920013427734375e+03
3.102672004699707031e+03 1.417136016845703125e+03
3.198000000000000000e+03 1.327000000000000000e+03
3.200000000000000000e+03 1.522000000000000000e+03
3.162952011108398438e+03 1.449232025146484375e+03
3.247000000000000000e+03 1.409000000000000000e+03
3.175296005249023438e+03 1.329912017822265625e+03
3.297000000000000000e+03 1.328000000000000000e+03
3.262400001525878906e+03 1.381200012207031250e+03
3.281440002441406250e+03 1.360680007934570312e+03
3.310951065063476562e+03 1.365902130126953125e+03
3.279000000000000000e+03 1.414000000000000000e+03
3.330320007324218750e+03 1.361184020996093750e+03
3.340974426269531250e+03 1.354972213745117188e+03
3.371240005493164062e+03 1.289279998779296875e+03
3.353592010498046875e+03 1.352640014648437500e+03
3.361900817871093750e+03 1.360022430419921875e+03
3.372592010498046875e+03 1.435216033935546875e+03
3.389600006103515625e+03 1.423600006103515625e+03
3.380360000610351562e+03 1.414440002441406250e+03
3.392136009216308594e+03 1.454304016113281250e+03
3.390537498474121094e+03 1.437696594238281250e+03
3.429000000000000000e+03 1.488000000000000000e+03
3.395840003967285156e+03 1.393960021972656250e+03
3.411768005371093750e+03 1.395112030029296875e+03
3.370520000457763672e+03 1.327240005493164062e+03
3.413672004699707031e+03 1.360360015869140625e+03
3.428000000000000000e+03 1.352000000000000000e+03
3.451486106872558594e+03 1.400948852539062500e+03
3.438385612487792969e+03 1.361476821899414062e+03
3.461504013061523438e+03 1.440112030029296875e+03
3.420000000000000000e+03 1.392000000000000000e+03
3.450000000000000000e+03 1.420000000000000000e+03
3.390800003051757812e+03 1.327800003051757812e+03
3.437200004577636719e+03 1.362080001831054688e+03
3.424200004577636719e+03 1.351800003051757812e+03
3.441672004699707031e+03 1.378544021606445312e+03
3.407520000457763672e+03 1.412920013427734375e+03
3.432440002441406250e+03 1.351560012817382812e+03
3.415000000000000000e+03 1.358000000000000000e+03
3.465753616333007812e+03 1.284048019409179688e+03
3.433560005187988281e+03 1.347120010375976562e+03
3.400000000000000000e+03 1.344000000000000000e+03
3.397000000000000000e+03 1.335000000000000000e+03
3.438000000000000000e+03 1.370800003051757812e+03
3.401000000000000000e+03 1.345000000000000000e+03
3.446000000000000000e+03 1.394000000000000000e+03
3.430502410888671875e+03 1.414875228881835938e+03
3.391000000000000000e+03 1.334400009155273438e+03
3.382000000000000000e+03 1.331000000000000000e+03
3.435000000000000000e+03 1.353000000000000000e+03
3.414400001525878906e+03 1.412600006103515625e+03
3.437000000000000000e+03 1.329000000000000000e+03
3.403040000915527344e+03 1.356279998779296875e+03
3.393568004608154297e+03 1.381520019531250000e+03
3.392000000000000000e+03 1.352000000000000000e+03
3.372600002288818359e+03 1.390400009155273438e+03
3.390000000000000000e+03 1.406000000000000000e+03
3.383600002288818359e+03 1.412400009155273438e+03
3.378000000000000000e+03 1.348000000000000000e+03
3.378000000000000000e+03 1.384000000000000000e+03
3.361400001525878906e+03 1.397000000000000000e+03
3.378200004577636719e+03 1.352600006103515625e+03
3.349200000762939453e+03 1.380400009155273438e+03
3.367000000000000000e+03 1.359000000000000000e+03
3.340000000000000000e+03 1.369400009155273438e+03
3.370000000000000000e+03 1.323000000000000000e+03
3.346680000305175781e+03 1.346919998168945312e+03
3.327000000000000000e+03 1.247000000000000000e+03
3.327000000000000000e+03 1.401000000000000000e+03
3.324000000000000000e+03 1.421000000000000000e+03
3.320000000000000000e+03 1.421000000000000000e+03
3.305000000000000000e+03 1.354000000000000000e+03
3.297000000000000000e+03 1.352000000000000000e+03
3.295000000000000000e+03 1.357000000000000000e+03
3.306000000000000000e+03 1.300000000000000000e+03
1.000000000000000000e+17 1.000000000000000000e+17
1.000000000000000000e+17 1.000000000000000000e+17
3.269000000000000000e+03 1.358000000000000000e+03
3.254600002288818359e+03 1.406600006103515625e+03
3.251000000000000000e+03 1.388000000000000000e+03
3.248400001525878906e+03 1.397680007934570312e+03
3.250000000000000000e+03 1.400000000000000000e+03
3.219000000000000000e+03 1.361000000000000000e+03
3.248000000000000000e+03 1.332000000000000000e+03
3.230000000000000000e+03 1.384000000000000000e+03
3.196000000000000000e+03 1.374000000000000000e+03
1.000000000000000000e+17 1.000000000000000000e+17
1.000000000000000000e+17 1.000000000000000000e+17
1.000000000000000000e+17 1.000000000000000000e+17
3.171000000000000000e+03 1.356000000000000000e+03
3.154200000762939453e+03 1.386000007629394531e+03
3.149000000000000000e+03 1.354000000000000000e+03
3.167000000000000000e+03 1.336000000000000000e+03
1.000000000000000000e+17 1.000000000000000000e+17
3.135400001525878906e+03 1.353600006103515625e+03
3.131000000000000000e+03 1.386000000000000000e+03
3.114000000000000000e+03 1.391000000000000000e+03
3.107600002288818359e+03 1.389200004577636719e+03
3.104800003051757812e+03 1.359000000000000000e+03
3.112800003051757812e+03 1.331200000762939453e+03
3.103000000000000000e+03 1.334000000000000000e+03
3.091000000000000000e+03 1.320000000000000000e+03
3.063000000000000000e+03 1.397000000000000000e+03
1.000000000000000000e+17 1.000000000000000000e+17
1.000000000000000000e+17 1.000000000000000000e+17
1.000000000000000000e+17 1.000000000000000000e+17
1.000000000000000000e+17 1.000000000000000000e+17
3.021000000000000000e+03 1.360000000000000000e+03
3.025000000000000000e+03 1.335000000000000000e+03
3.017000000000000000e+03 1.338000000000000000e+03
1.000000000000000000e+17 1.000000000000000000e+17
1.000000000000000000e+17 1.000000000000000000e+17
2.982000000000000000e+03 1.378000000000000000e+03
2.972000000000000000e+03 1.380000000000000000e+03
1.000000000000000000e+17 1.000000000000000000e+17
2.953000000000000000e+03 1.391000000000000000e+03
2.957000000000000000e+03 1.344000000000000000e+03
2.940000000000000000e+03 1.348000000000000000e+03
2.929000000000000000e+03 1.348000000000000000e+03
2.920400001525878906e+03 1.348200000762939453e+03
1.000000000000000000e+17 1.000000000000000000e+17
1.000000000000000000e+17 1.000000000000000000e+17
1.000000000000000000e+17 1.000000000000000000e+17
1.000000000000000000e+17 1.000000000000000000e+17
1.000000000000000000e+17 1.000000000000000000e+17
2.863000000000000000e+03 1.370000000000000000e+03
2.855000000000000000e+03 1.372000000000000000e+03
1.000000000000000000e+17 1.000000000000000000e+17
1.000000000000000000e+17 1.000000000000000000e+17
1.000000000000000000e+17 1.000000000000000000e+17
1.000000000000000000e+17 1.000000000000000000e+17
1.000000000000000000e+17 1.000000000000000000e+17
1.000000000000000000e+17 1.000000000000000000e+17
1.000000000000000000e+17 1.000000000000000000e+17
2.789000000000000000e+03 1.339000000000000000e+03
2.777000000000000000e+03 1.345000000000000000e+03
1.000000000000000000e+17 1.000000000000000000e+17
1.000000000000000000e+17 1.000000000000000000e+17
1.000000000000000000e+17 1.000000000000000000e+17
1.000000000000000000e+17 1.000000000000000000e+17
1.000000000000000000e+17 1.000000000000000000e+17
1.000000000000000000e+17 1.000000000000000000e+17
1.000000000000000000e+17 1.000000000000000000e+17
1.000000000000000000e+17 1.000000000000000000e+17
2.692000000000000000e+03 1.356000000000000000e+03
2.676000000000000000e+03 1.356000000000000000e+03
1.000000000000000000e+17 1.000000000000000000e+17
1.000000000000000000e+17 1.000000000000000000e+17
1.000000000000000000e+17 1.000000000000000000e+17
1.000000000000000000e+17 1.000000000000000000e+17
1.000000000000000000e+17 1.000000000000000000e+17
1.000000000000000000e+17 1.000000000000000000e+17
1.000000000000000000e+17 1.000000000000000000e+17
2.604000000000000000e+03 1.361000000000000000e+03
2.600000000000000000e+03 1.349000000000000000e+03
1.000000000000000000e+17 1.000000000000000000e+17
1.000000000000000000e+17 1.000000000000000000e+17
1.000000000000000000e+17 1.000000000000000000e+17
1.000000000000000000e+17 1.000000000000000000e+17
1.000000000000000000e+17 1.000000000000000000e+17
1.000000000000000000e+17 1.000000000000000000e+17
1.000000000000000000e+17 1.000000000000000000e+17
1.000000000000000000e+17 1.000000000000000000e+17
1.000000000000000000e+17 1.000000000000000000e+17
1.000000000000000000e+17 1.000000000000000000e+17
1.000000000000000000e+17 1.000000000000000000e+17
