1.264896163940429688e+02 1.860408050537109375e+03
1.761730957031250000e+02 1.422360229492187500e+03
1.692057952880859375e+02 1.226299240112304688e+03
1.306368255615234375e+02 1.205416015625000000e+03
2.285515136718750000e+02 1.435402282714843750e+03
4.478000030517578125e+02 1.213200004577636719e+03
6.358704147338867188e+02 1.458628845214843750e+03
7.413553009033203125e+02 1.392780670166015625e+03
7.642000007629394531e+02 1.458800018310546875e+03
8.397200012207031250e+02 1.458840026855468750e+03
1.005509468078613281e+03 1.426556427001953125e+03
1.169672004699707031e+03 1.409392028808593750e+03
1.454694122314453125e+03 1.217114578247070312e+03
1.696464035034179688e+03 1.422563217163085938e+03
1.776600006103515625e+03 1.280000007629394531e+03
1.696000000000000000e+03 1.424600006103515625e+03
1.723723213195800781e+03 1.300225616455078125e+03
1.886771224975585938e+03 1.477702453613281250e+03
1.887952011108398438e+03 1.285512008666992188e+03
2.049160003662109375e+03 1.726000000000000000e+03
2.173000000000000000e+03 1.711000000000000000e+03
2.339400009155273438e+03 1.217600002288818359e+03
2.324660003662109375e+03 1.588482727050781250e+03
2.242000000000000000e+03 1.394000000000000000e+03
2.351080001831054688e+03 1.396760009765625000e+03
2.583800018310546875e+03 1.390000015258789062e+03
2.676400024414062500e+03 1.392440002441406250e+03
2.686800003051757812e+03 1.388600006103515625e+03
2.719000000000000000e+03 1.389000000000000000e+03
2.787577331542968750e+03 1.618037872314453125e+03
2.803810913085937500e+03 1.528575103759765625e+03
2.836000000000000000e+03 1.619000000000000000e+03
2.892872009277343750e+03 1.429264022827148438e+03
2.919245002746582031e+03 1.417740463256835938e+03
2.948453407287597656e+03 1.485131057739257812e+03
3.081000000000000000e+03 1.571000000000000000e+03
3.037424011230468750e+03 1.416128005981445312e+03
3.086400009155273438e+03 1.564400009155273438e+03
3.139000000000000000e+03 1.551000000000000000e+03
3.123200012207031250e+03 1.556200012207031250e+03
3.127696014404296875e+03 1.481656036376953125e+03
3.189000000000000000e+03 1.381000000000000000e+03
3.216400001525878906e+03 1.268200000762939453e+03
3.200200004577636719e+03 1.545680023193359375e+03
3.235584007263183594e+03 1.518304016113281250e+03
3.238200004577636719e+03 1.506400024414062500e+03
3.306720001220703125e+03 1.523480010986328125e+03
3.330400001525878906e+03 1.630200012207031250e+03
3.340000000000000000e+03 1.607000000000000000e+03
3.360560005187988281e+03 1.460600006103515625e+03
3.408000000000000000e+03 1.376000000000000000e+03
3.323000000000000000e+03 1.373000000000000000e+03
