1.520000000000000000e+03 1.190000000000000000e+03
1.204000000000000000e+03 1.182000000000000000e+03
1.693000000000000000e+03 1.636200012207031250e+03
1.869000000000000000e+03 1.105000000000000000e+03
1.875960021972656250e+03 1.101360015869140625e+03
2.057294799804687500e+03 1.177598480224609375e+03
1.821200004577636719e+03 1.105600006103515625e+03
1.896000000000000000e+03 1.615000000000000000e+03
2.070352020263671875e+03 1.596016052246093750e+03
2.305572845458984375e+03 1.569552124023437500e+03
2.303000000000000000e+03 1.568000000000000000e+03
2.297241363525390625e+03 1.025661819458007812e+03
2.542829833984375000e+03 1.113600692749023438e+03
2.528000000000000000e+03 1.077000000000000000e+03
2.476640014648437500e+03 1.065680007934570312e+03
2.478000000000000000e+03 1.545000000000000000e+03
2.576229156494140625e+03 1.692664367675781250e+03
2.503080001831054688e+03 1.540040039062500000e+03
2.506000000000000000e+03 1.074000000000000000e+03
2.687509468078613281e+03 1.074551513671875000e+03
2.671200000762939453e+03 1.098800003051757812e+03
2.757319999694824219e+03 1.062680000305175781e+03
2.850243179321289062e+03 1.447148193359375000e+03
2.955004913330078125e+03 1.437065917968750000e+03
2.999995574951171875e+03 1.545086791992187500e+03
3.009600006103515625e+03 1.405800018310546875e+03
3.083520019531250000e+03 1.528440032958984375e+03
2.850600006103515625e+03 1.340400024414062500e+03
3.036238410949707031e+03 1.472676849365234375e+03
3.084462745666503906e+03 1.472596252441406250e+03
3.068626258850097656e+03 1.375598480224609375e+03
3.102000000000000000e+03 1.428000000000000000e+03
3.197000000000000000e+03 1.333000000000000000e+03
3.200000000000000000e+03 1.522000000000000000e+03
3.162952011108398438e+03 1.449232025146484375e+03
3.147281608581542969e+03 1.324654434204101562e+03
3.219532821655273438e+03 1.410575103759765625e+03
3.241509468078613281e+03 1.395486358642578125e+03
3.263974418640136719e+03 1.379788848876953125e+03
3.281440002441406250e+03 1.360680007934570312e+03
3.297680007934570312e+03 1.370464019775390625e+03
3.325000000000000000e+03 1.406000000000000000e+03
3.326864013671875000e+03 1.359456024169921875e+03
3.369341278076171875e+03 1.443556427001953125e+03
3.341000000000000000e+03 1.472000000000000000e+03
3.391000000000000000e+03 1.303000000000000000e+03
3.379000000000000000e+03 1.421000000000000000e+03
3.385000000000000000e+03 1.438000000000000000e+03
3.356000000000000000e+03 1.368400009155273438e+03
3.374312011718750000e+03 1.403611236572265625e+03
3.363000000000000000e+03 1.432800018310546875e+03
3.385600006103515625e+03 1.462400024414062500e+03
3.429000000000000000e+03 1.488000000000000000e+03
3.407000000000000000e+03 1.425000000000000000e+03
3.397944015502929688e+03 1.379905639648437500e+03
3.370520000457763672e+03 1.327240005493164062e+03
3.366000000000000000e+03 1.327000000000000000e+03
3.428200004577636719e+03 1.353000015258789062e+03
3.439000000000000000e+03 1.454000000000000000e+03
3.438385612487792969e+03 1.361476821899414062e+03
3.458462745666503906e+03 1.348182434082031250e+03
3.471000000000000000e+03 1.299000000000000000e+03
3.440000000000000000e+03 1.375000000000000000e+03
3.412000000000000000e+03 1.375000000000000000e+03
3.438000000000000000e+03 1.414000000000000000e+03
3.422664009094238281e+03 1.382904022216796875e+03
3.433032005310058594e+03 1.354352020263671875e+03
3.440000000000000000e+03 1.483000000000000000e+03
3.433304008483886719e+03 1.352712020874023438e+03
3.415000000000000000e+03 1.376000000000000000e+03
3.433440002441406250e+03 1.345680007934570312e+03
3.433560005187988281e+03 1.347120010375976562e+03
3.440000000000000000e+03 1.376000000000000000e+03
3.398000000000000000e+03 1.331000000000000000e+03
3.429000000000000000e+03 1.413000000000000000e+03
3.456000000000000000e+03 1.375000000000000000e+03
3.456000000000000000e+03 1.311000000000000000e+03
3.446400001525878906e+03 1.297400001525878906e+03
3.445768005371093750e+03 1.397088012695312500e+03
3.434000000000000000e+03 1.358000000000000000e+03
3.435000000000000000e+03 1.353000000000000000e+03
3.418000000000000000e+03 1.409000015258789062e+03
3.436200004577636719e+03 1.421000015258789062e+03
3.406000000000000000e+03 1.352000000000000000e+03
3.398800003051757812e+03 1.354400009155273438e+03
3.392000000000000000e+03 1.352000000000000000e+03
3.372600002288818359e+03 1.390400009155273438e+03
3.385400001525878906e+03 1.407600006103515625e+03
3.383600002288818359e+03 1.412400009155273438e+03
3.378000000000000000e+03 1.348000000000000000e+03
3.352000000000000000e+03 1.359000000000000000e+03
3.365000000000000000e+03 1.403000000000000000e+03
3.375800003051757812e+03 1.388600006103515625e+03
3.378000000000000000e+03 1.292319999694824219e+03
3.377000000000000000e+03 1.290000000000000000e+03
3.327000000000000000e+03 1.339000000000000000e+03
3.376000000000000000e+03 1.311000000000000000e+03
3.353000000000000000e+03 1.408000000000000000e+03
3.333000000000000000e+03 1.394000000000000000e+03
3.326000000000000000e+03 1.421000000000000000e+03
1.000000000000000000e+17 1.000000000000000000e+17
3.320000000000000000e+03 1.421000000000000000e+03
3.304800003051757812e+03 1.377200012207031250e+03
3.297000000000000000e+03 1.352000000000000000e+03
3.289600002288818359e+03 1.398400009155273438e+03
3.306000000000000000e+03 1.300000000000000000e+03
1.000000000000000000e+17 1.000000000000000000e+17
1.000000000000000000e+17 1.000000000000000000e+17
3.253000000000000000e+03 1.371000000000000000e+03
3.258200000762939453e+03 1.413800003051757812e+03
3.271000000000000000e+03 1.377000000000000000e+03
3.255600002288818359e+03 1.406800003051757812e+03
3.248000000000000000e+03 1.399000000000000000e+03
3.244800003051757812e+03 1.374400009155273438e+03
3.246000000000000000e+03 1.403000000000000000e+03
3.220400001525878906e+03 1.361200004577636719e+03
3.196000000000000000e+03 1.374000000000000000e+03
1.000000000000000000e+17 1.000000000000000000e+17
1.000000000000000000e+17 1.000000000000000000e+17
1.000000000000000000e+17 1.000000000000000000e+17
3.164000000000000000e+03 1.361000000000000000e+03
3.154200000762939453e+03 1.386000007629394531e+03
3.152000000000000000e+03 1.401000000000000000e+03
3.151000000000000000e+03 1.351000000000000000e+03
1.000000000000000000e+17 1.000000000000000000e+17
3.135000000000000000e+03 1.354000000000000000e+03
3.119000000000000000e+03 1.409000000000000000e+03
3.115000000000000000e+03 1.388000000000000000e+03
3.107000000000000000e+03 1.405000000000000000e+03
3.118000000000000000e+03 1.331000000000000000e+03
3.108000003814697266e+03 1.374400001525878906e+03
3.103000000000000000e+03 1.334000000000000000e+03
3.091000000000000000e+03 1.320000000000000000e+03
3.063000000000000000e+03 1.397000000000000000e+03
1.000000000000000000e+17 1.000000000000000000e+17
1.000000000000000000e+17 1.000000000000000000e+17
1.000000000000000000e+17 1.000000000000000000e+17
1.000000000000000000e+17 1.000000000000000000e+17
3.021000000000000000e+03 1.360000000000000000e+03
3.025000000000000000e+03 1.333000000000000000e+03
3.017000000000000000e+03 1.338000000000000000e+03
1.000000000000000000e+17 1.000000000000000000e+17
1.000000000000000000e+17 1.000000000000000000e+17
2.984000000000000000e+03 1.378000000000000000e+03
2.972000000000000000e+03 1.380000000000000000e+03
1.000000000000000000e+17 1.000000000000000000e+17
2.954800003051757812e+03 1.388200004577636719e+03
2.943000000000000000e+03 1.357000000000000000e+03
2.943000000000000000e+03 1.338000000000000000e+03
2.929000000000000000e+03 1.348000000000000000e+03
2.925000000000000000e+03 1.338000000000000000e+03
1.000000000000000000e+17 1.000000000000000000e+17
1.000000000000000000e+17 1.000000000000000000e+17
1.000000000000000000e+17 1.000000000000000000e+17
1.000000000000000000e+17 1.000000000000000000e+17
1.000000000000000000e+17 1.000000000000000000e+17
2.857000000000000000e+03 1.378000000000000000e+03
2.855000000000000000e+03 1.370000000000000000e+03
1.000000000000000000e+17 1.000000000000000000e+17
1.000000000000000000e+17 1.000000000000000000e+17
1.000000000000000000e+17 1.000000000000000000e+17
1.000000000000000000e+17 1.000000000000000000e+17
1.000000000000000000e+17 1.000000000000000000e+17
1.000000000000000000e+17 1.000000000000000000e+17
1.000000000000000000e+17 1.000000000000000000e+17
2.787000000000000000e+03 1.336000000000000000e+03
2.777000000000000000e+03 1.345000000000000000e+03
1.000000000000000000e+17 1.000000000000000000e+17
1.000000000000000000e+17 1.000000000000000000e+17
1.000000000000000000e+17 1.000000000000000000e+17
1.000000000000000000e+17 1.000000000000000000e+17
1.000000000000000000e+17 1.000000000000000000e+17
1.000000000000000000e+17 1.000000000000000000e+17
1.000000000000000000e+17 1.000000000000000000e+17
1.000000000000000000e+17 1.000000000000000000e+17
2.692000000000000000e+03 1.356000000000000000e+03
2.676000000000000000e+03 1.356000000000000000e+03
1.000000000000000000e+17 1.000000000000000000e+17
1.000000000000000000e+17 1.000000000000000000e+17
1.000000000000000000e+17 1.000000000000000000e+17
1.000000000000000000e+17 1.000000000000000000e+17
1.000000000000000000e+17 1.000000000000000000e+17
1.000000000000000000e+17 1.000000000000000000e+17
1.000000000000000000e+17 1.000000000000000000e+17
1.000000000000000000e+17 1.000000000000000000e+17
2.600000000000000000e+03 1.349000000000000000e+03
1.000000000000000000e+17 1.000000000000000000e+17
1.000000000000000000e+17 1.000000000000000000e+17
1.000000000000000000e+17 1.000000000000000000e+17
1.000000000000000000e+17 1.000000000000000000e+17
1.000000000000000000e+17 1.000000000000000000e+17
1.000000000000000000e+17 1.000000000000000000e+17
1.000000000000000000e+17 1.000000000000000000e+17
1.000000000000000000e+17 1.000000000000000000e+17
1.000000000000000000e+17 1.000000000000000000e+17
1.000000000000000000e+17 1.000000000000000000e+17
1.000000000000000000e+17 1.000000000000000000e+17
