4.864000015258789062e+02 1.373200012207031250e+03
5.600000000000000000e+02 1.385000000000000000e+03
5.715200042724609375e+02 1.215960006713867188e+03
6.030000000000000000e+02 1.197000000000000000e+03
5.884800033569335938e+02 1.382320007324218750e+03
5.650000000000000000e+02 1.141000000000000000e+03
6.474880065917968750e+02 1.389688018798828125e+03
7.214000091552734375e+02 1.329400024414062500e+03
6.646000022888183594e+02 1.382400024414062500e+03
6.742800025939941406e+02 1.389720001220703125e+03
7.364592132568359375e+02 1.365702453613281250e+03
7.670445022583007812e+02 1.318668548583984375e+03
8.762000122070312500e+02 1.081800003051757812e+03
1.031288024902343750e+03 1.188976013183593750e+03
1.008173095703125000e+03 1.165397338867187500e+03
9.564954528808593750e+02 1.330640533447265625e+03
9.404880065917968750e+02 1.200072021484375000e+03
1.088135726928710938e+03 1.341481689453125000e+03
1.040000007629394531e+03 1.146600006103515625e+03
1.169360000610351562e+03 1.374200012207031250e+03
1.258640014648437500e+03 1.356800018310546875e+03
1.309480010986328125e+03 1.096720001220703125e+03
1.382826370239257812e+03 1.378484558105468750e+03
1.297000000000000000e+03 1.196000000000000000e+03
1.297000000000000000e+03 1.197000000000000000e+03
1.564668548583984375e+03 1.198553970336914062e+03
1.630570465087890625e+03 1.209574096679687500e+03
1.576089004516601562e+03 1.107927711486816406e+03
1.630035217285156250e+03 1.201801635742187500e+03
1.764074996948242188e+03 1.361817291259765625e+03
1.810327270507812500e+03 1.295542419433593750e+03
1.882268814086914062e+03 1.401646453857421875e+03
1.917744094848632812e+03 1.191824554443359375e+03
1.937439392089843750e+03 1.191962875366210938e+03
1.942000000000000000e+03 1.178000000000000000e+03
2.156407730102539062e+03 1.209989105224609375e+03
2.245896011352539062e+03 1.044224006652832031e+03
2.347000000000000000e+03 1.195000000000000000e+03
2.560000015258789062e+03 1.195000015258789062e+03
2.669076812744140625e+03 1.192073181152343750e+03
2.656000000000000000e+03 1.191000000000000000e+03
2.718520004272460938e+03 1.196000015258789062e+03
2.767000000000000000e+03 1.018000000000000000e+03
2.798753616333007812e+03 1.196641632080078125e+03
2.898600006103515625e+03 1.204400024414062500e+03
3.046000000000000000e+03 1.181000000000000000e+03
3.339694122314453125e+03 1.196691894531250000e+03
3.482560005187988281e+03 1.188839996337890625e+03
3.631400001525878906e+03 1.222600006103515625e+03
3.661800003051757812e+03 1.189200012207031250e+03
3.745504013061523438e+03 1.553024005889892578e+03
3.770200000762939453e+03 1.605200000762939453e+03
