1.350000000000000000e+02 1.959000000000000000e+03
2.562970275878906250e+02 1.631944427490234375e+03
2.800000000000000000e+02 1.574000000000000000e+03
5.425920410156250000e+02 1.289568023681640625e+03
3.584040832519531250e+02 1.169160903930664062e+03
4.749488525390625000e+02 1.180383331298828125e+03
6.933120422363281250e+02 1.282000015258789062e+03
5.354000015258789062e+02 1.265400009155273438e+03
8.220000000000000000e+02 1.757000000000000000e+03
1.004440002441406250e+03 1.694760009765625000e+03
1.015203582763671875e+03 1.689404968261718750e+03
1.083120025634765625e+03 1.665240051269531250e+03
1.215960021972656250e+03 1.170320007324218750e+03
1.257800018310546875e+03 1.131200004577636719e+03
1.204074996948242188e+03 1.153467422485351562e+03
1.141680000305175781e+03 1.176080001831054688e+03
1.223649612426757812e+03 1.166753616333007812e+03
1.231240005493164062e+03 1.609280029296875000e+03
1.247720001220703125e+03 1.601720031738281250e+03
1.286000003814697266e+03 1.168200004577636719e+03
1.314000000000000000e+03 1.089000000000000000e+03
1.400304008483886719e+03 1.506016052246093750e+03
1.554888031005859375e+03 1.544590484619140625e+03
1.715360015869140625e+03 1.374800018310546875e+03
1.660000000000000000e+03 1.453480010986328125e+03
1.690182434082031250e+03 1.624617401123046875e+03
1.755600006103515625e+03 1.297000015258789062e+03
1.713600006103515625e+03 1.381600006103515625e+03
1.716400009155273438e+03 1.358200012207031250e+03
1.677488006591796875e+03 1.387400024414062500e+03
1.712000000000000000e+03 1.376000000000000000e+03
1.729602897644042969e+03 1.431411590576171875e+03
1.837000000000000000e+03 1.286000000000000000e+03
1.851800003051757812e+03 1.527600006103515625e+03
1.856000000000000000e+03 1.527000000000000000e+03
1.822680007934570312e+03 1.357320007324218750e+03
1.787480007171630859e+03 1.290640014648437500e+03
1.837160003662109375e+03 1.393760009765625000e+03
1.873000000000000000e+03 1.357000000000000000e+03
1.872000000000000000e+03 1.326000000000000000e+03
1.904121612548828125e+03 1.319611236572265625e+03
1.925048019409179688e+03 1.350347229003906250e+03
1.926600006103515625e+03 1.312000015258789062e+03
1.878000000000000000e+03 1.278000000000000000e+03
1.949048019409179688e+03 1.311433624267578125e+03
1.980000000000000000e+03 1.256000000000000000e+03
1.952120002746582031e+03 1.302640014648437500e+03
1.973000007629394531e+03 1.374200012207031250e+03
1.947626258850097656e+03 1.335413818359375000e+03
1.983000000000000000e+03 1.344000000000000000e+03
1.988560005187988281e+03 1.409160003662109375e+03
1.979040008544921875e+03 1.361928039550781250e+03
1.934000000000000000e+03 1.268000000000000000e+03
1.994000000000000000e+03 1.392000000000000000e+03
1.988400001525878906e+03 1.342200012207031250e+03
1.936000000000000000e+03 1.264000000000000000e+03
1.993200004577636719e+03 1.293600006103515625e+03
2.021408012390136719e+03 1.341184020996093750e+03
2.020800003051757812e+03 1.230200004577636719e+03
1.970000000000000000e+03 1.281000000000000000e+03
1.973000000000000000e+03 1.285000000000000000e+03
1.975000000000000000e+03 1.285000000000000000e+03
2.018000000000000000e+03 1.361000000000000000e+03
1.971000000000000000e+03 1.273000000000000000e+03
2.014200004577636719e+03 1.338800003051757812e+03
2.007600006103515625e+03 1.301200012207031250e+03
2.004800003051757812e+03 1.308800003051757812e+03
2.004392005920410156e+03 1.290344009399414062e+03
2.026000000000000000e+03 1.241000000000000000e+03
2.002600006103515625e+03 1.358600006103515625e+03
2.030000000000000000e+03 1.238000000000000000e+03
1.982200000762939453e+03 1.291400009155273438e+03
2.011000000000000000e+03 1.321000000000000000e+03
1.999800003051757812e+03 1.292400009155273438e+03
2.013000000000000000e+03 1.294000000000000000e+03
1.967000000000000000e+03 1.265000000000000000e+03
2.022600006103515625e+03 1.297800003051757812e+03
1.973000000000000000e+03 1.288000000000000000e+03
2.013400001525878906e+03 1.259600006103515625e+03
2.008000000000000000e+03 1.239000000000000000e+03
1.960000000000000000e+03 1.283000000000000000e+03
1.992000000000000000e+03 1.337000000000000000e+03
1.976000000000000000e+03 1.333000000000000000e+03
1.972600002288818359e+03 1.334080001831054688e+03
1.966800003051757812e+03 1.307200012207031250e+03
1.969400001525878906e+03 1.294200004577636719e+03
1.945000000000000000e+03 1.296000000000000000e+03
1.960000000000000000e+03 1.347000000000000000e+03
1.953000000000000000e+03 1.288000000000000000e+03
1.936000000000000000e+03 1.308000000000000000e+03
1.944000000000000000e+03 1.340000000000000000e+03
1.926000000000000000e+03 1.300000000000000000e+03
1.944000000000000000e+03 1.302000000000000000e+03
1.939600002288818359e+03 1.346840011596679688e+03
1.947000000000000000e+03 1.313000000000000000e+03
1.918800003051757812e+03 1.312200012207031250e+03
1.951000000000000000e+03 1.359000000000000000e+03
1.931000000000000000e+03 1.323000000000000000e+03
1.917000000000000000e+03 1.323000000000000000e+03
1.905000000000000000e+03 1.330000000000000000e+03
1.884000000000000000e+03 1.310000000000000000e+03
1.896000000000000000e+03 1.302000000000000000e+03
1.888000000000000000e+03 1.304000000000000000e+03
1.886000000000000000e+03 1.343000000000000000e+03
1.894800003051757812e+03 1.270800003051757812e+03
1.882000003814697266e+03 1.321000007629394531e+03
1.000000000000000000e+17 1.000000000000000000e+17
1.850000000000000000e+03 1.342000000000000000e+03
1.857000000000000000e+03 1.313000000000000000e+03
1.837000000000000000e+03 1.362000000000000000e+03
1.840080001831054688e+03 1.346919998168945312e+03
1.835960002899169922e+03 1.346120010375976562e+03
1.847400001525878906e+03 1.362400009155273438e+03
1.833360000610351562e+03 1.277880004882812500e+03
1.830000000000000000e+03 1.352000000000000000e+03
1.818360000610351562e+03 1.307560005187988281e+03
1.786000000000000000e+03 1.321000000000000000e+03
1.000000000000000000e+17 1.000000000000000000e+17
1.000000000000000000e+17 1.000000000000000000e+17
1.778000000000000000e+03 1.342000000000000000e+03
1.770000000000000000e+03 1.322200004577636719e+03
1.761800003051757812e+03 1.362800003051757812e+03
1.755200000762939453e+03 1.321600002288818359e+03
1.750000000000000000e+03 1.321600006103515625e+03
1.000000000000000000e+17 1.000000000000000000e+17
1.734000000000000000e+03 1.327000000000000000e+03
1.728000000000000000e+03 1.343000000000000000e+03
1.719000000000000000e+03 1.360000000000000000e+03
1.719000000000000000e+03 1.368000000000000000e+03
1.711000000000000000e+03 1.364000000000000000e+03
1.704840003967285156e+03 1.341200004577636719e+03
1.696720001220703125e+03 1.325240005493164062e+03
1.690600002288818359e+03 1.323040000915527344e+03
1.681000000000000000e+03 1.354000000000000000e+03
1.000000000000000000e+17 1.000000000000000000e+17
1.648000000000000000e+03 1.309000000000000000e+03
1.000000000000000000e+17 1.000000000000000000e+17
1.000000000000000000e+17 1.000000000000000000e+17
1.625000000000000000e+03 1.373000000000000000e+03
1.635000000000000000e+03 1.322000000000000000e+03
1.626000000000000000e+03 1.321000000000000000e+03
1.000000000000000000e+17 1.000000000000000000e+17
1.000000000000000000e+17 1.000000000000000000e+17
1.597000000000000000e+03 1.361000000000000000e+03
1.588000000000000000e+03 1.377000000000000000e+03
1.000000000000000000e+17 1.000000000000000000e+17
1.578000000000000000e+03 1.358000000000000000e+03
1.561000000000000000e+03 1.359000000000000000e+03
1.562000000000000000e+03 1.339000000000000000e+03
1.550000000000000000e+03 1.346000000000000000e+03
1.543000000000000000e+03 1.341000000000000000e+03
1.000000000000000000e+17 1.000000000000000000e+17
1.000000000000000000e+17 1.000000000000000000e+17
1.000000000000000000e+17 1.000000000000000000e+17
1.000000000000000000e+17 1.000000000000000000e+17
1.000000000000000000e+17 1.000000000000000000e+17
1.469000000000000000e+03 1.383000000000000000e+03
1.478000000000000000e+03 1.382000000000000000e+03
1.000000000000000000e+17 1.000000000000000000e+17
1.000000000000000000e+17 1.000000000000000000e+17
1.000000000000000000e+17 1.000000000000000000e+17
1.000000000000000000e+17 1.000000000000000000e+17
1.000000000000000000e+17 1.000000000000000000e+17
1.000000000000000000e+17 1.000000000000000000e+17
1.000000000000000000e+17 1.000000000000000000e+17
1.412000000000000000e+03 1.370000000000000000e+03
1.407000000000000000e+03 1.364000000000000000e+03
1.000000000000000000e+17 1.000000000000000000e+17
1.000000000000000000e+17 1.000000000000000000e+17
1.000000000000000000e+17 1.000000000000000000e+17
1.000000000000000000e+17 1.000000000000000000e+17
1.000000000000000000e+17 1.000000000000000000e+17
1.000000000000000000e+17 1.000000000000000000e+17
1.000000000000000000e+17 1.000000000000000000e+17
1.000000000000000000e+17 1.000000000000000000e+17
1.316000000000000000e+03 1.377000000000000000e+03
1.305000000000000000e+03 1.384000000000000000e+03
1.000000000000000000e+17 1.000000000000000000e+17
1.000000000000000000e+17 1.000000000000000000e+17
1.000000000000000000e+17 1.000000000000000000e+17
1.000000000000000000e+17 1.000000000000000000e+17
1.000000000000000000e+17 1.000000000000000000e+17
1.000000000000000000e+17 1.000000000000000000e+17
1.000000000000000000e+17 1.000000000000000000e+17
1.236000000000000000e+03 1.440000000000000000e+03
1.223000000000000000e+03 1.423800003051757812e+03
1.000000000000000000e+17 1.000000000000000000e+17
1.000000000000000000e+17 1.000000000000000000e+17
1.000000000000000000e+17 1.000000000000000000e+17
1.000000000000000000e+17 1.000000000000000000e+17
1.000000000000000000e+17 1.000000000000000000e+17
1.000000000000000000e+17 1.000000000000000000e+17
1.000000000000000000e+17 1.000000000000000000e+17
1.000000000000000000e+17 1.000000000000000000e+17
1.000000000000000000e+17 1.000000000000000000e+17
1.000000000000000000e+17 1.000000000000000000e+17
1.000000000000000000e+17 1.000000000000000000e+17
