1.000000000000000000e+17 1.000000000000000000e+17
1.741824188232421875e+02 1.429659240722656250e+03
9.331201171875000000e+01 1.211784011840820312e+03
9.500000000000000000e+01 1.211000000000000000e+03
2.245840072631835938e+02 1.440600036621093750e+03
5.376368255615234375e+02 1.462291259765625000e+03
6.090000000000000000e+02 1.464000000000000000e+03
7.615936279296875000e+02 1.462702453613281250e+03
8.000000000000000000e+02 1.223000000000000000e+03
9.940189361572265625e+02 1.411626525878906250e+03
1.042834274291992188e+03 1.437505035400390625e+03
1.169000000000000000e+03 1.416000000000000000e+03
1.558040008544921875e+03 1.457559997558593750e+03
1.684437179565429688e+03 1.455740844726562500e+03
1.775640014648437500e+03 1.288160003662109375e+03
1.723078636169433594e+03 1.302744094848632812e+03
1.725000000000000000e+03 1.301000000000000000e+03
1.801000000000000000e+03 1.300000000000000000e+03
2.009200012207031250e+03 1.234200004577636719e+03
2.044252517700195312e+03 1.724318176269531250e+03
2.200074996948242188e+03 1.545409545898437500e+03
2.316600006103515625e+03 1.682000000000000000e+03
2.390948837280273438e+03 1.389433624267578125e+03
2.450000015258789062e+03 1.679800018310546875e+03
2.493117034912109375e+03 1.387004913330078125e+03
2.486600006103515625e+03 1.674400024414062500e+03
2.676400024414062500e+03 1.392728027343750000e+03
2.687000000000000000e+03 1.389000000000000000e+03
2.777483886718750000e+03 1.686129089355468750e+03
2.802680007934570312e+03 1.385760009765625000e+03
2.846600006103515625e+03 1.735000030517578125e+03
2.830000000000000000e+03 1.614000000000000000e+03
2.885960006713867188e+03 1.428400009155273438e+03
2.908495452880859375e+03 1.395046966552734375e+03
2.975424011230468750e+03 1.490080017089843750e+03
3.027182418823242188e+03 1.528654434204101562e+03
3.040880004882812500e+03 1.382720001220703125e+03
3.116400009155273438e+03 1.552400009155273438e+03
3.109800003051757812e+03 1.562400009155273438e+03
3.158000000000000000e+03 1.381000000000000000e+03
3.168880004882812500e+03 1.390360000610351562e+03
3.150649612426757812e+03 1.643161651611328125e+03
3.166576011657714844e+03 1.602395263671875000e+03
3.244840003967285156e+03 1.374320007324218750e+03
3.214502410888671875e+03 1.520377655029296875e+03
3.244459213256835938e+03 1.495052841186523438e+03
3.217200000762939453e+03 1.380200000762939453e+03
3.332416015625000000e+03 1.535448013305664062e+03
3.340000007629394531e+03 1.605200012207031250e+03
3.356240005493164062e+03 1.462040008544921875e+03
3.396800003051757812e+03 1.557400009155273438e+03
3.377579544067382812e+03 1.450369308471679688e+03
