1.584200012207031250e+03 1.205800018310546875e+03
1.329752014160156250e+03 1.174608032226562500e+03
1.693000000000000000e+03 1.636200012207031250e+03
1.829000030517578125e+03 1.080000015258789062e+03
1.870612487792968750e+03 1.075976898193359375e+03
2.062271453857421875e+03 1.172621826171875000e+03
2.178000000000000000e+03 1.585000000000000000e+03
2.189440002441406250e+03 1.584160034179687500e+03
2.105948837280273438e+03 1.592214477539062500e+03
2.305572845458984375e+03 1.569552124023437500e+03
2.342800018310546875e+03 1.564080017089843750e+03
2.342120010375976562e+03 1.564760009765625000e+03
2.542829833984375000e+03 1.113600692749023438e+03
2.537320007324218750e+03 1.062840003967285156e+03
2.588987274169921875e+03 1.424230468750000000e+03
2.632880004882812500e+03 1.100960006713867188e+03
2.478000000000000000e+03 1.544800048828125000e+03
2.592360000610351562e+03 1.051880004882812500e+03
2.520032005310058594e+03 1.063400009155273438e+03
2.645208007812500000e+03 1.110328018188476562e+03
2.710944007873535156e+03 1.056848007202148438e+03
2.735720001220703125e+03 1.054040000915527344e+03
2.931611236572265625e+03 1.630006469726562500e+03
2.955004913330078125e+03 1.437065917968750000e+03
2.998000000000000000e+03 1.454000000000000000e+03
2.986717483520507812e+03 1.548757568359375000e+03
3.083520019531250000e+03 1.528440032958984375e+03
2.858856010437011719e+03 1.341120025634765625e+03
3.050753616333007812e+03 1.472676849365234375e+03
3.084462745666503906e+03 1.472596252441406250e+03
3.068626258850097656e+03 1.375598480224609375e+03
3.102000000000000000e+03 1.428800018310546875e+03
3.198600006103515625e+03 1.326000015258789062e+03
3.200000000000000000e+03 1.522000000000000000e+03
3.195784011840820312e+03 1.561897674560546875e+03
3.271000000000000000e+03 1.466000000000000000e+03
3.171840003967285156e+03 1.330200012207031250e+03
3.309000000000000000e+03 1.247000000000000000e+03
3.263974418640136719e+03 1.379788848876953125e+03
3.278997787475585938e+03 1.359343734741210938e+03
3.297680007934570312e+03 1.370464019775390625e+03
3.325000000000000000e+03 1.406000000000000000e+03
3.329974426269531250e+03 1.361460525512695312e+03
3.340078636169433594e+03 1.354574096679687500e+03
3.322579544067382812e+03 1.409180236816406250e+03
3.345021141052246094e+03 1.351948852539062500e+03
3.363600006103515625e+03 1.360800003051757812e+03
3.385000000000000000e+03 1.438000000000000000e+03
3.369200004577636719e+03 1.364800003051757812e+03
3.358137939453125000e+03 1.419785339355468750e+03
3.368000000000000000e+03 1.440000000000000000e+03
3.389044502258300781e+03 1.438691894531250000e+03
3.429000000000000000e+03 1.488000000000000000e+03
3.404768005371093750e+03 1.419304016113281250e+03
3.401400001525878906e+03 1.405000000000000000e+03
3.373400001525878906e+03 1.331560012817382812e+03
3.375080001831054688e+03 1.325800003051757812e+03
3.428200004577636719e+03 1.353000015258789062e+03
3.443000000000000000e+03 1.376000000000000000e+03
3.417400001525878906e+03 1.411800003051757812e+03
3.458462745666503906e+03 1.348182434082031250e+03
3.463000000000000000e+03 1.328000000000000000e+03
3.439600006103515625e+03 1.374600006103515625e+03
3.427000000000000000e+03 1.416000000000000000e+03
3.434319999694824219e+03 1.370720001220703125e+03
3.422664009094238281e+03 1.382904022216796875e+03
3.402000000000000000e+03 1.357000000000000000e+03
3.417024005889892578e+03 1.431928039550781250e+03
3.436000000000000000e+03 1.439000000000000000e+03
3.396200000762939453e+03 1.330800003051757812e+03
3.433200004577636719e+03 1.346400009155273438e+03
3.412200000762939453e+03 1.374000015258789062e+03
3.397000000000000000e+03 1.326000000000000000e+03
3.442800003051757812e+03 1.356200012207031250e+03
3.450000000000000000e+03 1.355200012207031250e+03
3.455000000000000000e+03 1.364000000000000000e+03
3.451800003051757812e+03 1.358600006103515625e+03
3.447000000000000000e+03 1.298000000000000000e+03
3.444000000000000000e+03 1.291000000000000000e+03
3.423000000000000000e+03 1.399000000000000000e+03
3.435000000000000000e+03 1.353000000000000000e+03
3.418000000000000000e+03 1.409000000000000000e+03
3.419400001525878906e+03 1.358600006103515625e+03
3.402752006530761719e+03 1.355704010009765625e+03
3.399000000000000000e+03 1.354000000000000000e+03
3.390000000000000000e+03 1.352000000000000000e+03
3.380000000000000000e+03 1.399000000000000000e+03
3.391000000000000000e+03 1.393000000000000000e+03
3.373000000000000000e+03 1.415000000000000000e+03
3.379000000000000000e+03 1.350000000000000000e+03
3.376000000000000000e+03 1.352000000000000000e+03
3.352000000000000000e+03 1.369000000000000000e+03
3.378200004577636719e+03 1.352600006103515625e+03
3.358000000000000000e+03 1.398000000000000000e+03
3.372000000000000000e+03 1.290000000000000000e+03
3.373600006103515625e+03 1.322600006103515625e+03
3.369200004577636719e+03 1.322800003051757812e+03
3.346680000305175781e+03 1.346919998168945312e+03
3.333000000000000000e+03 1.394000000000000000e+03
3.326000000000000000e+03 1.421000000000000000e+03
1.000000000000000000e+17 1.000000000000000000e+17
1.000000000000000000e+17 1.000000000000000000e+17
3.314000000000000000e+03 1.411000000000000000e+03
3.300000000000000000e+03 1.412000000000000000e+03
3.280000000000000000e+03 1.391000000000000000e+03
3.285200000762939453e+03 1.349800003051757812e+03
1.000000000000000000e+17 1.000000000000000000e+17
1.000000000000000000e+17 1.000000000000000000e+17
3.265000000000000000e+03 1.416000000000000000e+03
3.251000000000000000e+03 1.414000000000000000e+03
3.246000000000000000e+03 1.381000000000000000e+03
3.243000000000000000e+03 1.414000000000000000e+03
3.252000000000000000e+03 1.348000000000000000e+03
3.253200004577636719e+03 1.328800003051757812e+03
3.247000000000000000e+03 1.405000000000000000e+03
3.221000000000000000e+03 1.361000000000000000e+03
3.203000000000000000e+03 1.391200004577636719e+03
1.000000000000000000e+17 1.000000000000000000e+17
1.000000000000000000e+17 1.000000000000000000e+17
1.000000000000000000e+17 1.000000000000000000e+17
3.164000000000000000e+03 1.383000000000000000e+03
3.151000000000000000e+03 1.378000000000000000e+03
3.152000000000000000e+03 1.401000000000000000e+03
3.151000000000000000e+03 1.351000000000000000e+03
1.000000000000000000e+17 1.000000000000000000e+17
3.135000000000000000e+03 1.354000000000000000e+03
3.131000000000000000e+03 1.386000000000000000e+03
1.000000000000000000e+17 1.000000000000000000e+17
3.107600002288818359e+03 1.389200004577636719e+03
3.104800003051757812e+03 1.359000000000000000e+03
3.108000003814697266e+03 1.331200000762939453e+03
3.099400001525878906e+03 1.330600006103515625e+03
3.087000000000000000e+03 1.335000000000000000e+03
3.063000000000000000e+03 1.397000000000000000e+03
1.000000000000000000e+17 1.000000000000000000e+17
1.000000000000000000e+17 1.000000000000000000e+17
1.000000000000000000e+17 1.000000000000000000e+17
1.000000000000000000e+17 1.000000000000000000e+17
3.021000000000000000e+03 1.360000000000000000e+03
3.025000000000000000e+03 1.333000000000000000e+03
3.006000000000000000e+03 1.393000000000000000e+03
1.000000000000000000e+17 1.000000000000000000e+17
1.000000000000000000e+17 1.000000000000000000e+17
2.982000000000000000e+03 1.380000000000000000e+03
1.000000000000000000e+17 1.000000000000000000e+17
1.000000000000000000e+17 1.000000000000000000e+17
2.947600002288818359e+03 1.383400001525878906e+03
2.942600002288818359e+03 1.376400001525878906e+03
2.943000000000000000e+03 1.343000000000000000e+03
2.934000000000000000e+03 1.338000000000000000e+03
2.925000000000000000e+03 1.338000000000000000e+03
1.000000000000000000e+17 1.000000000000000000e+17
1.000000000000000000e+17 1.000000000000000000e+17
1.000000000000000000e+17 1.000000000000000000e+17
1.000000000000000000e+17 1.000000000000000000e+17
1.000000000000000000e+17 1.000000000000000000e+17
2.857000000000000000e+03 1.378000000000000000e+03
2.855000000000000000e+03 1.370000000000000000e+03
1.000000000000000000e+17 1.000000000000000000e+17
1.000000000000000000e+17 1.000000000000000000e+17
1.000000000000000000e+17 1.000000000000000000e+17
1.000000000000000000e+17 1.000000000000000000e+17
1.000000000000000000e+17 1.000000000000000000e+17
1.000000000000000000e+17 1.000000000000000000e+17
1.000000000000000000e+17 1.000000000000000000e+17
2.787000000000000000e+03 1.336000000000000000e+03
2.777000000000000000e+03 1.345000000000000000e+03
1.000000000000000000e+17 1.000000000000000000e+17
1.000000000000000000e+17 1.000000000000000000e+17
1.000000000000000000e+17 1.000000000000000000e+17
1.000000000000000000e+17 1.000000000000000000e+17
1.000000000000000000e+17 1.000000000000000000e+17
1.000000000000000000e+17 1.000000000000000000e+17
1.000000000000000000e+17 1.000000000000000000e+17
1.000000000000000000e+17 1.000000000000000000e+17
1.000000000000000000e+17 1.000000000000000000e+17
2.676000000000000000e+03 1.356000000000000000e+03
1.000000000000000000e+17 1.000000000000000000e+17
1.000000000000000000e+17 1.000000000000000000e+17
1.000000000000000000e+17 1.000000000000000000e+17
1.000000000000000000e+17 1.000000000000000000e+17
1.000000000000000000e+17 1.000000000000000000e+17
1.000000000000000000e+17 1.000000000000000000e+17
1.000000000000000000e+17 1.000000000000000000e+17
1.000000000000000000e+17 1.000000000000000000e+17
2.600000000000000000e+03 1.373000000000000000e+03
1.000000000000000000e+17 1.000000000000000000e+17
1.000000000000000000e+17 1.000000000000000000e+17
1.000000000000000000e+17 1.000000000000000000e+17
1.000000000000000000e+17 1.000000000000000000e+17
1.000000000000000000e+17 1.000000000000000000e+17
1.000000000000000000e+17 1.000000000000000000e+17
1.000000000000000000e+17 1.000000000000000000e+17
1.000000000000000000e+17 1.000000000000000000e+17
1.000000000000000000e+17 1.000000000000000000e+17
1.000000000000000000e+17 1.000000000000000000e+17
1.000000000000000000e+17 1.000000000000000000e+17
