1.000000000000000000e+17 1.000000000000000000e+17
5.520000000000000000e+02 1.383000000000000000e+03
4.820000000000000000e+02 1.213800003051757812e+03
4.884000015258789062e+02 1.213400009155273438e+03
5.860000000000000000e+02 1.379000000000000000e+03
6.278000030517578125e+02 1.383400024414062500e+03
6.440000000000000000e+02 1.378000000000000000e+03
7.087760086059570312e+02 1.393048034667968750e+03
7.204393920898437500e+02 1.167974426269531250e+03
8.106000061035156250e+02 1.344600006103515625e+03
7.584393920898437500e+02 1.325640533447265625e+03
7.909600143432617188e+02 1.347768035888671875e+03
9.384560241699218750e+02 1.413432037353515625e+03
9.492011413574218750e+02 1.194229156494140625e+03
1.011159088134765625e+03 1.196252517700195312e+03
9.233040084838867188e+02 1.194792007446289062e+03
8.950000000000000000e+02 1.196000000000000000e+03
1.023439392089843750e+03 1.215074996948242188e+03
1.191200012207031250e+03 1.108200004577636719e+03
1.174670761108398438e+03 1.355364868164062500e+03
1.302906814575195312e+03 1.227948852539062500e+03
1.299976013183593750e+03 1.443184051513671875e+03
1.382400009155273438e+03 1.193000000000000000e+03
1.537000000000000000e+03 1.464000000000000000e+03
1.494000000000000000e+03 1.196000000000000000e+03
1.432200012207031250e+03 1.454920013427734375e+03
1.674000000000000000e+03 1.187000000000000000e+03
1.567131057739257812e+03 1.108425376892089844e+03
1.653491821289062500e+03 1.411981811523437500e+03
1.865800018310546875e+03 1.178800003051757812e+03
1.825400009155273438e+03 1.474600006103515625e+03
1.882268814086914062e+03 1.401646453857421875e+03
1.942229156494140625e+03 1.181074996948242188e+03
1.918800003051757812e+03 1.191800003051757812e+03
1.953000000000000000e+03 1.180000000000000000e+03
2.092000000000000000e+03 1.194000000000000000e+03
2.245896011352539062e+03 1.044224006652832031e+03
2.350299240112304688e+03 1.197794677734375000e+03
2.562004913330078125e+03 1.193822723388671875e+03
2.689182434082031250e+03 1.036602897644042969e+03
2.668369308471679688e+03 1.190390457153320312e+03
2.722600006103515625e+03 1.198400009155273438e+03
2.748000007629394531e+03 1.173000015258789062e+03
2.813960014343261719e+03 1.137544021606445312e+03
2.908000000000000000e+03 1.190000000000000000e+03
3.021000000000000000e+03 1.200600006103515625e+03
3.304857635498046875e+03 1.104624038696289062e+03
3.499840003967285156e+03 1.196040008544921875e+03
3.587000000000000000e+03 1.228600006103515625e+03
3.767400009155273438e+03 1.218000000000000000e+03
3.690000000000000000e+03 1.746000000000000000e+03
3.807000000000000000e+03 1.626000000000000000e+03
