1.000000000000000000e+17 1.000000000000000000e+17
5.610000000000000000e+02 1.383000000000000000e+03
5.552000122070312500e+02 1.383000000000000000e+03
4.890000000000000000e+02 1.214000000000000000e+03
5.860000000000000000e+02 1.379000000000000000e+03
5.954000015258789062e+02 1.379800018310546875e+03
7.148800201416015625e+02 1.396600036621093750e+03
7.450640106201171875e+02 1.317016021728515625e+03
7.793296203613281250e+02 1.408512054443359375e+03
7.080912170410156250e+02 1.338133514404296875e+03
7.360445022583007812e+02 1.364458312988281250e+03
7.861216125488281250e+02 1.402027252197265625e+03
8.760000000000000000e+02 1.410000000000000000e+03
9.531824340820312500e+02 1.333575103759765625e+03
1.011712020874023438e+03 1.195976013183593750e+03
1.082280014038085938e+03 1.205160003662109375e+03
1.158000000000000000e+03 1.213000000000000000e+03
1.105553970336914062e+03 1.334016723632812500e+03
1.066397338867187500e+03 1.175229156494140625e+03
1.172182434082031250e+03 1.367806488037109375e+03
1.260080017089843750e+03 1.093856010437011719e+03
1.295000000000000000e+03 1.434000000000000000e+03
1.316400001525878906e+03 1.435400024414062500e+03
1.350495452880859375e+03 1.276766662597656250e+03
1.348565528869628906e+03 1.455897705078125000e+03
1.430000000000000000e+03 1.450000000000000000e+03
1.381200000762939453e+03 1.196200012207031250e+03
1.571908645629882812e+03 1.114994552612304688e+03
1.653491821289062500e+03 1.411981811523437500e+03
1.868000000000000000e+03 1.179000000000000000e+03
1.813810913085937500e+03 1.310970001220703125e+03
1.895000000000000000e+03 1.493000000000000000e+03
1.942826370239257812e+03 1.181074996948242188e+03
1.940000000000000000e+03 1.182000000000000000e+03
2.069720016479492188e+03 1.178728027343750000e+03
2.109826370239257812e+03 1.192073181152343750e+03
2.249640014648437500e+03 1.050560005187988281e+03
2.280000000000000000e+03 1.206000000000000000e+03
2.558800003051757812e+03 1.195000015258789062e+03
2.689182434082031250e+03 1.036602897644042969e+03
2.668369308471679688e+03 1.190390457153320312e+03
2.729717483520507812e+03 1.023626258850097656e+03
2.819000000000000000e+03 1.136000000000000000e+03
2.815342414855957031e+03 1.196641632080078125e+03
2.925000000000000000e+03 1.095000000000000000e+03
3.175000000000000000e+03 1.082000000000000000e+03
3.304857635498046875e+03 1.104624038696289062e+03
3.476800003051757812e+03 1.139400009155273438e+03
3.560600002288818359e+03 1.217800018310546875e+03
3.664200004577636719e+03 1.219200012207031250e+03
3.719200004577636719e+03 1.546400001525878906e+03
3.807000000000000000e+03 1.626000000000000000e+03
