4.708000030517578125e+02 1.375600006103515625e+03
5.486000061035156250e+02 1.214720001220703125e+03
4.660000000000000000e+02 1.202000000000000000e+03
5.028000030517578125e+02 1.136600006103515625e+03
6.340000000000000000e+02 1.389000000000000000e+03
6.278000030517578125e+02 1.383400024414062500e+03
6.440000000000000000e+02 1.378000000000000000e+03
7.022000045776367188e+02 1.395400024414062500e+03
6.845200042724609375e+02 1.338240020751953125e+03
7.080912170410156250e+02 1.338133514404296875e+03
7.584393920898437500e+02 1.325640533447265625e+03
7.670445022583007812e+02 1.318668548583984375e+03
9.666800079345703125e+02 1.418040008544921875e+03
1.066000000000000000e+03 1.096000000000000000e+03
1.009120010375976562e+03 1.421480010986328125e+03
9.589008178710937500e+02 1.331304046630859375e+03
1.070000000000000000e+03 1.119000000000000000e+03
1.005606414794921875e+03 1.210844833374023438e+03
1.040000000000000000e+03 1.147000000000000000e+03
1.172240005493164062e+03 1.368440002441406250e+03
1.216910461425781250e+03 1.401733184814453125e+03
1.293064010620117188e+03 1.476016052246093750e+03
1.371446426391601562e+03 1.450529663085937500e+03
1.546000000000000000e+03 1.465000000000000000e+03
1.364000007629394531e+03 1.193760009765625000e+03
1.560600006103515625e+03 1.213000015258789062e+03
1.668144042968750000e+03 1.177624023437500000e+03
1.572771224975585938e+03 1.112489616394042969e+03
1.743668548583984375e+03 1.417953796386718750e+03
1.834600006103515625e+03 1.184800003051757812e+03
1.813313262939453125e+03 1.313458312988281250e+03
1.882268814086914062e+03 1.401646453857421875e+03
1.939243179321289062e+03 1.396065917968750000e+03
1.935600006103515625e+03 1.188200012207031250e+03
2.071000000000000000e+03 1.178000000000000000e+03
2.093320007324218750e+03 1.195360015869140625e+03
2.245896011352539062e+03 1.044224006652832031e+03
2.350299240112304688e+03 1.197794677734375000e+03
2.562004913330078125e+03 1.193822723388671875e+03
2.722360031127929688e+03 1.030796813964843750e+03
2.629551513671875000e+03 1.189892791748046875e+03
2.656600006103515625e+03 1.190000015258789062e+03
2.820000015258789062e+03 1.139400009155273438e+03
2.819720001220703125e+03 1.139560012817382812e+03
2.945000000000000000e+03 1.096000000000000000e+03
3.152712020874023438e+03 1.089528015136718750e+03
3.383000000000000000e+03 1.197000000000000000e+03
3.472000000000000000e+03 1.129000000000000000e+03
3.589000000000000000e+03 1.228000000000000000e+03
3.767400009155273438e+03 1.218000000000000000e+03
3.671000000000000000e+03 1.671000000000000000e+03
3.807000000000000000e+03 1.626000000000000000e+03
