1.692000122070312500e+02 1.915800018310546875e+03
1.741824340820312500e+02 1.426341522216796875e+03
9.331201171875000000e+01 1.211784011840820312e+03
9.206786346435546875e+01 1.210392669677734375e+03
2.182000045776367188e+02 1.441800018310546875e+03
5.522000122070312500e+02 1.251600006103515625e+03
6.545328140258789062e+02 1.392273651123046875e+03
7.387840118408203125e+02 1.392200042724609375e+03
7.620000000000000000e+02 1.247000000000000000e+03
8.720912094116210938e+02 1.392715240478515625e+03
9.970000000000000000e+02 1.399000000000000000e+03
1.278536010742187500e+03 1.418032012939453125e+03
1.574133514404296875e+03 1.470923278808593750e+03
1.731000000000000000e+03 1.422000000000000000e+03
1.747704010009765625e+03 1.548800048828125000e+03
1.724320007324218750e+03 1.301240020751953125e+03
1.781369308471679688e+03 1.289857635498046875e+03
1.806880004882812500e+03 1.297760009765625000e+03
1.883920005798339844e+03 1.278600006103515625e+03
2.023000000000000000e+03 1.412800003051757812e+03
2.209530609130859375e+03 1.511369308471679688e+03
2.340120010375976562e+03 1.217840003967285156e+03
2.382654434204101562e+03 1.389433624267578125e+03
2.457780670166015625e+03 1.675687500000000000e+03
2.377000000000000000e+03 1.391000015258789062e+03
2.588600006103515625e+03 1.390000015258789062e+03
2.653000000000000000e+03 1.389000000000000000e+03
2.664000000000000000e+03 1.388600006103515625e+03
2.711493637084960938e+03 1.385241363525390625e+03
2.804000000000000000e+03 1.381000000000000000e+03
2.798834274291992188e+03 1.555946624755859375e+03
2.834960014343261719e+03 1.717208038330078125e+03
2.910440002441406250e+03 1.494640014648437500e+03
2.920439392089843750e+03 1.418934844970703125e+03
2.950245002746582031e+03 1.482742279052734375e+03
3.017229156494140625e+03 1.438411361694335938e+03
3.030512008666992188e+03 1.412672004699707031e+03
3.115440002441406250e+03 1.555520004272460938e+03
3.076486106872558594e+03 1.487299240112304688e+03
3.123200012207031250e+03 1.556920013427734375e+03
3.136000000000000000e+03 1.525000000000000000e+03
3.171040000915527344e+03 1.587520019531250000e+03
3.191000000000000000e+03 1.571000000000000000e+03
3.243342414855957031e+03 1.377372817993164062e+03
3.227000000000000000e+03 1.487000000000000000e+03
3.314040008544921875e+03 1.381120010375976562e+03
3.286997787475585938e+03 1.480740844726562500e+03
3.326800003051757812e+03 1.594200012207031250e+03
3.345000000000000000e+03 1.618000000000000000e+03
3.381200004577636719e+03 1.405400001525878906e+03
3.372224006652832031e+03 1.452424011230468750e+03
3.322000000000000000e+03 1.378000000000000000e+03
