1.000000000000000000e+17 1.000000000000000000e+17
1.617408294677734375e+02 1.425512054443359375e+03
9.072000122070312500e+01 1.444200012207031250e+03
9.960000610351562500e+01 1.209400009155273438e+03
2.242384109497070312e+02 1.441291259765625000e+03
5.397104187011718750e+02 1.458144042968750000e+03
6.949680175781250000e+02 1.455864044189453125e+03
7.264000015258789062e+02 1.304360000610351562e+03
9.206800079345703125e+02 1.463840026855468750e+03
8.795561828613281250e+02 1.390226959228515625e+03
1.054000000000000000e+03 1.447000000000000000e+03
1.167080001831054688e+03 1.353520004272460938e+03
1.448888015747070312e+03 1.195480007171630859e+03
1.711000000000000000e+03 1.408000000000000000e+03
1.742520019531250000e+03 1.547763244628906250e+03
1.894240020751953125e+03 1.250840003967285156e+03
1.952279998779296875e+03 1.389160003662109375e+03
1.903600006103515625e+03 1.398800003051757812e+03
2.000800003051757812e+03 1.254600006103515625e+03
2.021800003051757812e+03 1.727440002441406250e+03
2.277752014160156250e+03 1.696680023193359375e+03
2.220312011718750000e+03 1.703408081054687500e+03
2.281000007629394531e+03 1.217200000762939453e+03
2.441648025512695312e+03 1.678936035156250000e+03
2.476600006103515625e+03 1.675400024414062500e+03
2.464299240112304688e+03 1.654245880126953125e+03
2.451137939453125000e+03 1.438761993408203125e+03
2.676000000000000000e+03 1.392000000000000000e+03
2.777000015258789062e+03 1.689032043457031250e+03
2.753432022094726562e+03 1.626816040039062500e+03
2.806299224853515625e+03 1.677044860839843750e+03
2.828048011779785156e+03 1.708568054199218750e+03
2.897710418701171875e+03 1.383299224853515625e+03
2.935000000000000000e+03 1.380000000000000000e+03
2.968160903930664062e+03 1.486325454711914062e+03
3.047400009155273438e+03 1.579400024414062500e+03
3.036800003051757812e+03 1.383200000762939453e+03
3.085372817993164062e+03 1.566464035034179688e+03
2.998000000000000000e+03 1.466000000000000000e+03
3.164000000000000000e+03 1.376200000762939453e+03
3.158800018310546875e+03 1.379704010009765625e+03
3.148576004028320312e+03 1.478656036376953125e+03
3.224000000000000000e+03 1.287000000000000000e+03
3.218200004577636719e+03 1.539200012207031250e+03
3.242496009826660156e+03 1.509664031982421875e+03
3.290000000000000000e+03 1.376000000000000000e+03
3.326400009155273438e+03 1.503800003051757812e+03
3.327232009887695312e+03 1.481880020141601562e+03
3.329920005798339844e+03 1.585040008544921875e+03
3.356000007629394531e+03 1.463000000000000000e+03
3.371532814025878906e+03 1.454152023315429688e+03
3.391680007934570312e+03 1.364960002899169922e+03
