1.262120025634765625e+03 1.667320007324218750e+03
1.208792007446289062e+03 1.171152038574218750e+03
1.775661926269531250e+03 1.121551757812500000e+03
1.842200012207031250e+03 1.093200012207031250e+03
1.875672027587890625e+03 1.099920028686523438e+03
2.075888031005859375e+03 1.165848022460937500e+03
2.151000000000000000e+03 1.587000000000000000e+03
1.978000000000000000e+03 1.595000000000000000e+03
2.070697631835937500e+03 1.596361694335937500e+03
2.135537628173828125e+03 1.590288085937500000e+03
2.361232025146484375e+03 1.560912048339843750e+03
2.348000000000000000e+03 1.563000000000000000e+03
2.549880035400390625e+03 1.055056015014648438e+03
2.588000000000000000e+03 1.057000000000000000e+03
2.414000007629394531e+03 1.553600036621093750e+03
2.454032005310058594e+03 1.546784057617187500e+03
2.488000000000000000e+03 1.543000000000000000e+03
2.604168014526367188e+03 1.058216011047363281e+03
2.500400001525878906e+03 1.081400001525878906e+03
2.655000000000000000e+03 1.101400001525878906e+03
2.659000000000000000e+03 1.110000000000000000e+03
2.742920001983642578e+03 1.046840003967285156e+03
2.898018936157226562e+03 1.565393188476562500e+03
2.980600006103515625e+03 1.662920043945312500e+03
2.950400009155273438e+03 1.635200012207031250e+03
2.984160003662109375e+03 1.550520019531250000e+03
3.083520019531250000e+03 1.528440032958984375e+03
2.950200012207031250e+03 1.334400024414062500e+03
3.074600006103515625e+03 1.363640014648437500e+03
3.084462745666503906e+03 1.472596252441406250e+03
3.111400001525878906e+03 1.377960021972656250e+03
3.101520004272460938e+03 1.428080017089843750e+03
3.198000000000000000e+03 1.330000000000000000e+03
3.200200012207031250e+03 1.521800018310546875e+03
3.195784011840820312e+03 1.561897674560546875e+03
3.258200012207031250e+03 1.327400009155273438e+03
3.175296005249023438e+03 1.329912017822265625e+03
3.242120002746582031e+03 1.394120025634765625e+03
3.262400001525878906e+03 1.381200012207031250e+03
3.280864013671875000e+03 1.360104019165039062e+03
3.305078636169433594e+03 1.411488189697265625e+03
3.279000000000000000e+03 1.412000000000000000e+03
3.332661819458007812e+03 1.362157272338867188e+03
3.339481437683105469e+03 1.353976898193359375e+03
3.343481437683105469e+03 1.480346191406250000e+03
3.391000000000000000e+03 1.303000000000000000e+03
3.331000000000000000e+03 1.397000000000000000e+03
3.346602897644042969e+03 1.419180236816406250e+03
3.368720001220703125e+03 1.364320007324218750e+03
3.344360000610351562e+03 1.443240020751953125e+03
3.363000000000000000e+03 1.432800018310546875e+03
3.389044502258300781e+03 1.423761993408203125e+03
3.397496009826660156e+03 1.419568023681640625e+03
3.387200004577636719e+03 1.357960006713867188e+03
3.366000000000000000e+03 1.327000000000000000e+03
3.374600002288818359e+03 1.335400009155273438e+03
3.375080001831054688e+03 1.325800003051757812e+03
3.375000000000000000e+03 1.344000000000000000e+03
3.474000000000000000e+03 1.324600006103515625e+03
3.417000000000000000e+03 1.412000000000000000e+03
3.458462745666503906e+03 1.348182434082031250e+03
3.463000000000000000e+03 1.328000000000000000e+03
3.439600006103515625e+03 1.374600006103515625e+03
3.427000000000000000e+03 1.416000000000000000e+03
3.425392005920410156e+03 1.410464019775390625e+03
3.424680000305175781e+03 1.351800003051757812e+03
3.433800003051757812e+03 1.355600006103515625e+03
3.440000000000000000e+03 1.486000000000000000e+03
3.420000000000000000e+03 1.439000000000000000e+03
3.426680000305175781e+03 1.413360015869140625e+03
3.435600006103515625e+03 1.431600006103515625e+03
3.434000000000000000e+03 1.347000000000000000e+03
3.433680000305175781e+03 1.346680007934570312e+03
3.442800003051757812e+03 1.356200012207031250e+03
3.444000000000000000e+03 1.352800003051757812e+03
3.450000000000000000e+03 1.366800003051757812e+03
3.452000000000000000e+03 1.358000000000000000e+03
3.455000000000000000e+03 1.376000000000000000e+03
3.444000000000000000e+03 1.295000000000000000e+03
3.433000000000000000e+03 1.351000000000000000e+03
3.379000000000000000e+03 1.328000000000000000e+03
3.418000000000000000e+03 1.409000015258789062e+03
3.413000000000000000e+03 1.416000000000000000e+03
3.403040000915527344e+03 1.356279998779296875e+03
3.399000000000000000e+03 1.354000000000000000e+03
3.395000000000000000e+03 1.352000000000000000e+03
3.387000000000000000e+03 1.349000000000000000e+03
3.385400001525878906e+03 1.405200012207031250e+03
3.377840003967285156e+03 1.410960006713867188e+03
3.378200000762939453e+03 1.350200012207031250e+03
3.359000000000000000e+03 1.376000000000000000e+03
3.371000000000000000e+03 1.421000000000000000e+03
3.378200004577636719e+03 1.352600006103515625e+03
3.380000000000000000e+03 1.361000000000000000e+03
3.372000000000000000e+03 1.290000000000000000e+03
3.373600006103515625e+03 1.322600006103515625e+03
3.369200004577636719e+03 1.322800003051757812e+03
3.362000000000000000e+03 1.327000000000000000e+03
3.333000000000000000e+03 1.394000000000000000e+03
3.326000000000000000e+03 1.421000000000000000e+03
1.000000000000000000e+17 1.000000000000000000e+17
1.000000000000000000e+17 1.000000000000000000e+17
3.315000000000000000e+03 1.421000000000000000e+03
3.287000000000000000e+03 1.408000000000000000e+03
3.292000000000000000e+03 1.351600006103515625e+03
3.285000000000000000e+03 1.350000000000000000e+03
1.000000000000000000e+17 1.000000000000000000e+17
1.000000000000000000e+17 1.000000000000000000e+17
3.265000000000000000e+03 1.416000000000000000e+03
3.250000000000000000e+03 1.372000000000000000e+03
3.264000000000000000e+03 1.361000000000000000e+03
3.254400001525878906e+03 1.409200012207031250e+03
3.251600002288818359e+03 1.412600006103515625e+03
3.253200004577636719e+03 1.328800003051757812e+03
3.242000000000000000e+03 1.326000000000000000e+03
3.220400001525878906e+03 1.361200004577636719e+03
3.196000000000000000e+03 1.374000000000000000e+03
1.000000000000000000e+17 1.000000000000000000e+17
1.000000000000000000e+17 1.000000000000000000e+17
1.000000000000000000e+17 1.000000000000000000e+17
3.164000000000000000e+03 1.383000000000000000e+03
3.165000000000000000e+03 1.353000000000000000e+03
3.152000000000000000e+03 1.401000000000000000e+03
3.167000000000000000e+03 1.336000000000000000e+03
1.000000000000000000e+17 1.000000000000000000e+17
3.135400001525878906e+03 1.353600006103515625e+03
3.119000000000000000e+03 1.409000000000000000e+03
1.000000000000000000e+17 1.000000000000000000e+17
3.115000000000000000e+03 1.394000000000000000e+03
3.119000000000000000e+03 1.336000000000000000e+03
3.108000000000000000e+03 1.331000000000000000e+03
3.103000000000000000e+03 1.334000000000000000e+03
3.087000000000000000e+03 1.335000000000000000e+03
3.063000000000000000e+03 1.397000000000000000e+03
1.000000000000000000e+17 1.000000000000000000e+17
1.000000000000000000e+17 1.000000000000000000e+17
1.000000000000000000e+17 1.000000000000000000e+17
1.000000000000000000e+17 1.000000000000000000e+17
3.021000000000000000e+03 1.360000000000000000e+03
3.025000000000000000e+03 1.333000000000000000e+03
3.006000000000000000e+03 1.393000000000000000e+03
1.000000000000000000e+17 1.000000000000000000e+17
1.000000000000000000e+17 1.000000000000000000e+17
1.000000000000000000e+17 1.000000000000000000e+17
1.000000000000000000e+17 1.000000000000000000e+17
1.000000000000000000e+17 1.000000000000000000e+17
2.954800003051757812e+03 1.388200004577636719e+03
2.942600002288818359e+03 1.376400001525878906e+03
2.943000000000000000e+03 1.343000000000000000e+03
2.924200000762939453e+03 1.378000000000000000e+03
2.925000000000000000e+03 1.338000000000000000e+03
1.000000000000000000e+17 1.000000000000000000e+17
1.000000000000000000e+17 1.000000000000000000e+17
1.000000000000000000e+17 1.000000000000000000e+17
1.000000000000000000e+17 1.000000000000000000e+17
1.000000000000000000e+17 1.000000000000000000e+17
2.857000000000000000e+03 1.378000000000000000e+03
2.855000000000000000e+03 1.372000000000000000e+03
1.000000000000000000e+17 1.000000000000000000e+17
1.000000000000000000e+17 1.000000000000000000e+17
1.000000000000000000e+17 1.000000000000000000e+17
1.000000000000000000e+17 1.000000000000000000e+17
1.000000000000000000e+17 1.000000000000000000e+17
1.000000000000000000e+17 1.000000000000000000e+17
1.000000000000000000e+17 1.000000000000000000e+17
2.787000000000000000e+03 1.336000000000000000e+03
2.777000000000000000e+03 1.345000000000000000e+03
1.000000000000000000e+17 1.000000000000000000e+17
1.000000000000000000e+17 1.000000000000000000e+17
1.000000000000000000e+17 1.000000000000000000e+17
1.000000000000000000e+17 1.000000000000000000e+17
1.000000000000000000e+17 1.000000000000000000e+17
1.000000000000000000e+17 1.000000000000000000e+17
1.000000000000000000e+17 1.000000000000000000e+17
1.000000000000000000e+17 1.000000000000000000e+17
1.000000000000000000e+17 1.000000000000000000e+17
1.000000000000000000e+17 1.000000000000000000e+17
1.000000000000000000e+17 1.000000000000000000e+17
1.000000000000000000e+17 1.000000000000000000e+17
1.000000000000000000e+17 1.000000000000000000e+17
1.000000000000000000e+17 1.000000000000000000e+17
1.000000000000000000e+17 1.000000000000000000e+17
1.000000000000000000e+17 1.000000000000000000e+17
1.000000000000000000e+17 1.000000000000000000e+17
1.000000000000000000e+17 1.000000000000000000e+17
2.600000000000000000e+03 1.349000000000000000e+03
1.000000000000000000e+17 1.000000000000000000e+17
1.000000000000000000e+17 1.000000000000000000e+17
1.000000000000000000e+17 1.000000000000000000e+17
1.000000000000000000e+17 1.000000000000000000e+17
1.000000000000000000e+17 1.000000000000000000e+17
1.000000000000000000e+17 1.000000000000000000e+17
1.000000000000000000e+17 1.000000000000000000e+17
1.000000000000000000e+17 1.000000000000000000e+17
1.000000000000000000e+17 1.000000000000000000e+17
1.000000000000000000e+17 1.000000000000000000e+17
1.000000000000000000e+17 1.000000000000000000e+17
