1.380000000000000000e+02 1.957200012207031250e+03
1.740000000000000000e+02 1.599600006103515625e+03
5.148000488281250000e+02 1.859800048828125000e+03
5.196000366210937500e+02 1.294800018310546875e+03
3.969232482910156250e+02 1.178152023315429688e+03
6.000000000000000000e+02 1.305000000000000000e+03
4.488000030517578125e+02 1.280800003051757812e+03
6.640000000000000000e+02 1.810000000000000000e+03
7.980400085449218750e+02 1.763400024414062500e+03
1.015084564208984375e+03 1.690451660156250000e+03
1.008000000000000000e+03 1.694000000000000000e+03
1.005824554443359375e+03 1.148411361694335938e+03
1.253976043701171875e+03 1.205168014526367188e+03
1.185800003051757812e+03 1.151840003967285156e+03
1.186159088134765625e+03 1.161828186035156250e+03
1.168000000000000000e+03 1.635000000000000000e+03
1.325173095703125000e+03 1.771664367675781250e+03
1.244200004577636719e+03 1.603520019531250000e+03
1.260200004577636719e+03 1.131800003051757812e+03
1.332224006652832031e+03 1.141224006652832031e+03
1.318000000000000000e+03 1.142000000000000000e+03
1.390281608581542969e+03 1.100281608581542969e+03
1.528744094848632812e+03 1.475398651123046875e+03
1.653440002441406250e+03 1.485680023193359375e+03
1.716390426635742188e+03 1.373819244384765625e+03
1.682717483520507812e+03 1.445458312988281250e+03
1.790000000000000000e+03 1.509000000000000000e+03
1.606800003051757812e+03 1.330000015258789062e+03
1.661488006591796875e+03 1.538920043945312500e+03
1.730000000000000000e+03 1.467800018310546875e+03
1.714602897644042969e+03 1.377133514404296875e+03
1.730017608642578125e+03 1.430996856689453125e+03
1.836800003051757812e+03 1.286200012207031250e+03
1.849000000000000000e+03 1.521000000000000000e+03
1.803238410949707031e+03 1.411070434570312500e+03
1.769000000000000000e+03 1.295000000000000000e+03
1.828606414794921875e+03 1.362524841308593750e+03
1.835720001220703125e+03 1.362080017089843750e+03
1.875776008605957031e+03 1.357208038330078125e+03
1.879136009216308594e+03 1.326464019775390625e+03
1.894800003051757812e+03 1.323000015258789062e+03
1.931960006713867188e+03 1.350520019531250000e+03
1.926120002746582031e+03 1.311760009765625000e+03
1.975880004882812500e+03 1.394600006103515625e+03
1.947000000000000000e+03 1.431000000000000000e+03
1.986200012207031250e+03 1.257800003051757812e+03
1.979000000000000000e+03 1.363600006103515625e+03
1.986200004577636719e+03 1.379000000000000000e+03
1.949600006103515625e+03 1.323600006103515625e+03
1.975360000610351562e+03 1.343240005493164062e+03
1.956400001525878906e+03 1.362600006103515625e+03
1.980768005371093750e+03 1.398216033935546875e+03
2.021400009155273438e+03 1.431600006103515625e+03
1.996000007629394531e+03 1.404200012207031250e+03
1.990000000000000000e+03 1.343000000000000000e+03
1.947400001525878906e+03 1.261800003051757812e+03
1.941000000000000000e+03 1.264000000000000000e+03
2.008160003662109375e+03 1.304320007324218750e+03
2.028000000000000000e+03 1.393000000000000000e+03
2.021768005371093750e+03 1.306536010742187500e+03
2.040000000000000000e+03 1.325000000000000000e+03
2.042000000000000000e+03 1.240000000000000000e+03
1.999319999694824219e+03 1.333360015869140625e+03
1.984000000000000000e+03 1.299000000000000000e+03
2.007000000000000000e+03 1.342400009155273438e+03
1.994208007812500000e+03 1.333360015869140625e+03
2.008400001525878906e+03 1.292000000000000000e+03
2.024600006103515625e+03 1.405400024414062500e+03
2.001680000305175781e+03 1.286279998779296875e+03
1.991000000000000000e+03 1.314000000000000000e+03
1.999000000000000000e+03 1.277000000000000000e+03
2.000200004577636719e+03 1.280600006103515625e+03
2.011000000000000000e+03 1.315000000000000000e+03
1.967000000000000000e+03 1.264000000000000000e+03
2.007000000000000000e+03 1.348000000000000000e+03
2.026000000000000000e+03 1.303000000000000000e+03
2.016600006103515625e+03 1.260600006103515625e+03
2.006400001525878906e+03 1.238200004577636719e+03
2.009800003051757812e+03 1.352000000000000000e+03
2.003080001831054688e+03 1.294840011596679688e+03
1.985400001525878906e+03 1.325000000000000000e+03
1.990000000000000000e+03 1.336000000000000000e+03
1.980000000000000000e+03 1.339000000000000000e+03
1.972000000000000000e+03 1.291000000000000000e+03
1.971000000000000000e+03 1.292000000000000000e+03
1.963400001525878906e+03 1.289400001525878906e+03
1.967000000000000000e+03 1.343000000000000000e+03
1.958160003662109375e+03 1.353000000000000000e+03
1.959480003356933594e+03 1.347360000610351562e+03
1.948600002288818359e+03 1.289800003051757812e+03
1.927000000000000000e+03 1.297000000000000000e+03
1.943000000000000000e+03 1.339000000000000000e+03
1.951000000000000000e+03 1.328000000000000000e+03
1.944400001525878906e+03 1.238600002288818359e+03
1.959000000000000000e+03 1.256000000000000000e+03
1.903000000000000000e+03 1.281000000000000000e+03
1.940000000000000000e+03 1.277000000000000000e+03
1.943000000000000000e+03 1.353000000000000000e+03
1.925800003051757812e+03 1.323200012207031250e+03
1.903000000000000000e+03 1.322000000000000000e+03
1.000000000000000000e+17 1.000000000000000000e+17
1.888000000000000000e+03 1.337400009155273438e+03
1.891000000000000000e+03 1.329000000000000000e+03
1.882800003051757812e+03 1.303600006103515625e+03
1.874000000000000000e+03 1.361000000000000000e+03
1.880000000000000000e+03 1.254000000000000000e+03
1.000000000000000000e+17 1.000000000000000000e+17
1.000000000000000000e+17 1.000000000000000000e+17
1.854000000000000000e+03 1.319000000000000000e+03
1.852000000000000000e+03 1.363000000000000000e+03
1.840000000000000000e+03 1.341000000000000000e+03
1.844600002288818359e+03 1.357400009155273438e+03
1.834296005249023438e+03 1.347424011230468750e+03
1.823568004608154297e+03 1.339512008666992188e+03
1.829600006103515625e+03 1.351800003051757812e+03
1.819000000000000000e+03 1.301000000000000000e+03
1.789400001525878906e+03 1.326200004577636719e+03
1.000000000000000000e+17 1.000000000000000000e+17
1.000000000000000000e+17 1.000000000000000000e+17
1.000000000000000000e+17 1.000000000000000000e+17
1.765200000762939453e+03 1.325800003051757812e+03
1.764000000000000000e+03 1.367000000000000000e+03
1.753000000000000000e+03 1.368000000000000000e+03
1.751000000000000000e+03 1.322000000000000000e+03
1.000000000000000000e+17 1.000000000000000000e+17
1.735000000000000000e+03 1.323000000000000000e+03
1.735000000000000000e+03 1.373000000000000000e+03
1.711000000000000000e+03 1.338000000000000000e+03
1.706000000000000000e+03 1.378000000000000000e+03
1.717000003814697266e+03 1.307600002288818359e+03
1.713000000000000000e+03 1.382000000000000000e+03
1.706000000000000000e+03 1.327000000000000000e+03
1.692000000000000000e+03 1.309000000000000000e+03
1.677400001525878906e+03 1.330400001525878906e+03
1.000000000000000000e+17 1.000000000000000000e+17
1.000000000000000000e+17 1.000000000000000000e+17
1.000000000000000000e+17 1.000000000000000000e+17
1.000000000000000000e+17 1.000000000000000000e+17
1.629000000000000000e+03 1.380000000000000000e+03
1.635000000000000000e+03 1.315000000000000000e+03
1.625000000000000000e+03 1.324000000000000000e+03
1.000000000000000000e+17 1.000000000000000000e+17
1.000000000000000000e+17 1.000000000000000000e+17
1.593000000000000000e+03 1.355000000000000000e+03
1.580000000000000000e+03 1.362000000000000000e+03
1.000000000000000000e+17 1.000000000000000000e+17
1.572000000000000000e+03 1.391000000000000000e+03
1.567000000000000000e+03 1.351000000000000000e+03
1.568000000000000000e+03 1.335000000000000000e+03
1.548000000000000000e+03 1.351000000000000000e+03
1.545000000000000000e+03 1.340000000000000000e+03
1.000000000000000000e+17 1.000000000000000000e+17
1.000000000000000000e+17 1.000000000000000000e+17
1.000000000000000000e+17 1.000000000000000000e+17
1.000000000000000000e+17 1.000000000000000000e+17
1.000000000000000000e+17 1.000000000000000000e+17
1.470000000000000000e+03 1.379000000000000000e+03
1.477000000000000000e+03 1.385000000000000000e+03
1.000000000000000000e+17 1.000000000000000000e+17
1.000000000000000000e+17 1.000000000000000000e+17
1.000000000000000000e+17 1.000000000000000000e+17
1.000000000000000000e+17 1.000000000000000000e+17
1.000000000000000000e+17 1.000000000000000000e+17
1.000000000000000000e+17 1.000000000000000000e+17
1.000000000000000000e+17 1.000000000000000000e+17
1.413000000000000000e+03 1.374000000000000000e+03
1.393400001525878906e+03 1.388200000762939453e+03
1.000000000000000000e+17 1.000000000000000000e+17
1.000000000000000000e+17 1.000000000000000000e+17
1.000000000000000000e+17 1.000000000000000000e+17
1.000000000000000000e+17 1.000000000000000000e+17
1.000000000000000000e+17 1.000000000000000000e+17
1.000000000000000000e+17 1.000000000000000000e+17
1.000000000000000000e+17 1.000000000000000000e+17
1.000000000000000000e+17 1.000000000000000000e+17
1.314000000000000000e+03 1.371000000000000000e+03
1.306400001525878906e+03 1.387000000000000000e+03
1.000000000000000000e+17 1.000000000000000000e+17
1.000000000000000000e+17 1.000000000000000000e+17
1.000000000000000000e+17 1.000000000000000000e+17
1.000000000000000000e+17 1.000000000000000000e+17
1.000000000000000000e+17 1.000000000000000000e+17
1.000000000000000000e+17 1.000000000000000000e+17
1.000000000000000000e+17 1.000000000000000000e+17
1.000000000000000000e+17 1.000000000000000000e+17
1.222000000000000000e+03 1.412000000000000000e+03
1.000000000000000000e+17 1.000000000000000000e+17
1.000000000000000000e+17 1.000000000000000000e+17
1.000000000000000000e+17 1.000000000000000000e+17
1.000000000000000000e+17 1.000000000000000000e+17
1.000000000000000000e+17 1.000000000000000000e+17
1.000000000000000000e+17 1.000000000000000000e+17
1.000000000000000000e+17 1.000000000000000000e+17
1.000000000000000000e+17 1.000000000000000000e+17
1.000000000000000000e+17 1.000000000000000000e+17
1.000000000000000000e+17 1.000000000000000000e+17
1.000000000000000000e+17 1.000000000000000000e+17
