1.262600006103515625e+03 1.667800048828125000e+03
1.217000000000000000e+03 1.161600006103515625e+03
1.785880004882812500e+03 1.118279998779296875e+03
1.896000000000000000e+03 1.321000000000000000e+03
1.900000000000000000e+03 1.160000000000000000e+03
2.057294799804687500e+03 1.177598480224609375e+03
1.875828186035156250e+03 1.400895904541015625e+03
1.835626258850097656e+03 1.162343734741210938e+03
2.070697631835937500e+03 1.596361694335937500e+03
2.303000000000000000e+03 1.568000000000000000e+03
2.362000000000000000e+03 1.562000000000000000e+03
2.348052841186523438e+03 1.564184082031250000e+03
2.341800003051757812e+03 1.564000000000000000e+03
2.545000000000000000e+03 1.068000000000000000e+03
2.588000000000000000e+03 1.518800048828125000e+03
2.454032005310058594e+03 1.546784057617187500e+03
2.537280006408691406e+03 1.062639999389648438e+03
2.457000000000000000e+03 1.112000000000000000e+03
2.503040000915527344e+03 1.540040039062500000e+03
2.681537498474121094e+03 1.077537498474121094e+03
2.716128005981445312e+03 1.062032005310058594e+03
2.718200000762939453e+03 1.055000003814697266e+03
2.900507232666015625e+03 1.567798461914062500e+03
2.957800003051757812e+03 1.113800003051757812e+03
2.997407730102539062e+03 1.451824554443359375e+03
2.984160003662109375e+03 1.550520019531250000e+03
2.929486106872558594e+03 1.340180236816406250e+03
2.802000000000000000e+03 1.103000000000000000e+03
3.083931213378906250e+03 1.294347229003906250e+03
3.116810913085937500e+03 1.285972213745117188e+03
3.137000000000000000e+03 1.419000000000000000e+03
3.102000000000000000e+03 1.428800018310546875e+03
3.197000000000000000e+03 1.333000000000000000e+03
3.190225616455078125e+03 1.564443267822265625e+03
3.180520004272460938e+03 1.412080017089843750e+03
3.258200012207031250e+03 1.327400009155273438e+03
3.175296005249023438e+03 1.329912017822265625e+03
3.196040000915527344e+03 1.329320007324218750e+03
3.262400001525878906e+03 1.381200012207031250e+03
3.246880004882812500e+03 1.370760009765625000e+03
3.243000000000000000e+03 1.414000000000000000e+03
3.323048019409179688e+03 1.404200042724609375e+03
3.362322601318359375e+03 1.314182434082031250e+03
3.368968017578125000e+03 1.291520019531250000e+03
3.343481437683105469e+03 1.480346191406250000e+03
3.352900817871093750e+03 1.354022430419921875e+03
3.379000000000000000e+03 1.421000000000000000e+03
3.355312011718750000e+03 1.372316833496093750e+03
3.369200004577636719e+03 1.364800003051757812e+03
3.379400001525878906e+03 1.414200012207031250e+03
3.362760009765625000e+03 1.461216033935546875e+03
3.390000000000000000e+03 1.472000000000000000e+03
3.430040008544921875e+03 1.484080017089843750e+03
3.396800003051757812e+03 1.394200012207031250e+03
3.366000000000000000e+03 1.327000000000000000e+03
3.374600002288818359e+03 1.335400009155273438e+03
3.423800003051757812e+03 1.349800003051757812e+03
3.428200004577636719e+03 1.353000015258789062e+03
3.447753616333007812e+03 1.378139221191406250e+03
3.467416015625000000e+03 1.318968017578125000e+03
3.466342414855957031e+03 1.327446426391601562e+03
3.467400001525878906e+03 1.318800003051757812e+03
3.391000000000000000e+03 1.328000000000000000e+03
3.420502410888671875e+03 1.388875228881835938e+03
3.433600006103515625e+03 1.371200012207031250e+03
3.415800003051757812e+03 1.386600006103515625e+03
3.426000000000000000e+03 1.377000000000000000e+03
3.417024005889892578e+03 1.431928039550781250e+03
3.420920001983642578e+03 1.437960021972656250e+03
3.415000000000000000e+03 1.358000000000000000e+03
3.465600006103515625e+03 1.327200012207031250e+03
3.421752006530761719e+03 1.403280029296875000e+03
3.433392005920410156e+03 1.347256011962890625e+03
3.429360000610351562e+03 1.412600006103515625e+03
3.442800003051757812e+03 1.356400009155273438e+03
3.455000000000000000e+03 1.364000000000000000e+03
3.441000000000000000e+03 1.434000000000000000e+03
3.447000000000000000e+03 1.294000000000000000e+03
3.445000000000000000e+03 1.276800003051757812e+03
3.423000000000000000e+03 1.411000000000000000e+03
3.379000000000000000e+03 1.328000000000000000e+03
3.418000000000000000e+03 1.409000000000000000e+03
3.423000000000000000e+03 1.459000000000000000e+03
3.406208007812500000e+03 1.386808013916015625e+03
3.399040000915527344e+03 1.367120010375976562e+03
3.392720001220703125e+03 1.409440002441406250e+03
3.387000000000000000e+03 1.349000000000000000e+03
3.412000000000000000e+03 1.291000000000000000e+03
3.377840003967285156e+03 1.410960006713867188e+03
3.362600002288818359e+03 1.394600006103515625e+03
3.369000000000000000e+03 1.414000000000000000e+03
3.376000000000000000e+03 1.433000000000000000e+03
3.354000000000000000e+03 1.381000000000000000e+03
3.349000000000000000e+03 1.381000000000000000e+03
3.372000000000000000e+03 1.290000000000000000e+03
3.373600006103515625e+03 1.322600006103515625e+03
3.335600002288818359e+03 1.373200012207031250e+03
3.362000000000000000e+03 1.327000000000000000e+03
3.327000000000000000e+03 1.247000000000000000e+03
1.000000000000000000e+17 1.000000000000000000e+17
1.000000000000000000e+17 1.000000000000000000e+17
1.000000000000000000e+17 1.000000000000000000e+17
3.313000000000000000e+03 1.377000000000000000e+03
3.287000000000000000e+03 1.411000000000000000e+03
3.296000000000000000e+03 1.411000000000000000e+03
3.285200000762939453e+03 1.349800003051757812e+03
1.000000000000000000e+17 1.000000000000000000e+17
1.000000000000000000e+17 1.000000000000000000e+17
3.265000000000000000e+03 1.416000000000000000e+03
3.254600002288818359e+03 1.406600006103515625e+03
3.263000000000000000e+03 1.386000000000000000e+03
3.255600002288818359e+03 1.404880004882812500e+03
3.239000000000000000e+03 1.408000000000000000e+03
3.247000000000000000e+03 1.399000000000000000e+03
3.245000000000000000e+03 1.328000000000000000e+03
3.221600002288818359e+03 1.364800003051757812e+03
1.000000000000000000e+17 1.000000000000000000e+17
1.000000000000000000e+17 1.000000000000000000e+17
1.000000000000000000e+17 1.000000000000000000e+17
1.000000000000000000e+17 1.000000000000000000e+17
3.174000000000000000e+03 1.355000000000000000e+03
3.154200000762939453e+03 1.386000007629394531e+03
3.177000000000000000e+03 1.335000000000000000e+03
3.167000000000000000e+03 1.336000000000000000e+03
1.000000000000000000e+17 1.000000000000000000e+17
3.143000000000000000e+03 1.382000000000000000e+03
3.119000000000000000e+03 1.409000000000000000e+03
1.000000000000000000e+17 1.000000000000000000e+17
3.113000000000000000e+03 1.402000000000000000e+03
3.110800003051757812e+03 1.402200004577636719e+03
3.118000000000000000e+03 1.331000000000000000e+03
3.103000000000000000e+03 1.334000000000000000e+03
3.087000000000000000e+03 1.335000000000000000e+03
1.000000000000000000e+17 1.000000000000000000e+17
1.000000000000000000e+17 1.000000000000000000e+17
1.000000000000000000e+17 1.000000000000000000e+17
1.000000000000000000e+17 1.000000000000000000e+17
1.000000000000000000e+17 1.000000000000000000e+17
3.021000000000000000e+03 1.360000000000000000e+03
3.009000000000000000e+03 1.407000000000000000e+03
3.017000000000000000e+03 1.338000000000000000e+03
1.000000000000000000e+17 1.000000000000000000e+17
1.000000000000000000e+17 1.000000000000000000e+17
1.000000000000000000e+17 1.000000000000000000e+17
1.000000000000000000e+17 1.000000000000000000e+17
1.000000000000000000e+17 1.000000000000000000e+17
2.954800003051757812e+03 1.359400001525878906e+03
1.000000000000000000e+17 1.000000000000000000e+17
2.943000000000000000e+03 1.343000000000000000e+03
2.925400001525878906e+03 1.350400001525878906e+03
1.000000000000000000e+17 1.000000000000000000e+17
1.000000000000000000e+17 1.000000000000000000e+17
1.000000000000000000e+17 1.000000000000000000e+17
1.000000000000000000e+17 1.000000000000000000e+17
1.000000000000000000e+17 1.000000000000000000e+17
1.000000000000000000e+17 1.000000000000000000e+17
2.857000000000000000e+03 1.378000000000000000e+03
2.854200000762939453e+03 1.372400001525878906e+03
1.000000000000000000e+17 1.000000000000000000e+17
1.000000000000000000e+17 1.000000000000000000e+17
1.000000000000000000e+17 1.000000000000000000e+17
1.000000000000000000e+17 1.000000000000000000e+17
1.000000000000000000e+17 1.000000000000000000e+17
1.000000000000000000e+17 1.000000000000000000e+17
1.000000000000000000e+17 1.000000000000000000e+17
2.787000000000000000e+03 1.336000000000000000e+03
2.789000000000000000e+03 1.398000000000000000e+03
1.000000000000000000e+17 1.000000000000000000e+17
1.000000000000000000e+17 1.000000000000000000e+17
1.000000000000000000e+17 1.000000000000000000e+17
1.000000000000000000e+17 1.000000000000000000e+17
1.000000000000000000e+17 1.000000000000000000e+17
1.000000000000000000e+17 1.000000000000000000e+17
1.000000000000000000e+17 1.000000000000000000e+17
1.000000000000000000e+17 1.000000000000000000e+17
1.000000000000000000e+17 1.000000000000000000e+17
1.000000000000000000e+17 1.000000000000000000e+17
1.000000000000000000e+17 1.000000000000000000e+17
1.000000000000000000e+17 1.000000000000000000e+17
1.000000000000000000e+17 1.000000000000000000e+17
1.000000000000000000e+17 1.000000000000000000e+17
1.000000000000000000e+17 1.000000000000000000e+17
1.000000000000000000e+17 1.000000000000000000e+17
1.000000000000000000e+17 1.000000000000000000e+17
1.000000000000000000e+17 1.000000000000000000e+17
2.600000000000000000e+03 1.349000000000000000e+03
1.000000000000000000e+17 1.000000000000000000e+17
1.000000000000000000e+17 1.000000000000000000e+17
1.000000000000000000e+17 1.000000000000000000e+17
1.000000000000000000e+17 1.000000000000000000e+17
1.000000000000000000e+17 1.000000000000000000e+17
1.000000000000000000e+17 1.000000000000000000e+17
1.000000000000000000e+17 1.000000000000000000e+17
1.000000000000000000e+17 1.000000000000000000e+17
1.000000000000000000e+17 1.000000000000000000e+17
1.000000000000000000e+17 1.000000000000000000e+17
1.000000000000000000e+17 1.000000000000000000e+17
