1.699200134277343750e+02 1.914840026855468750e+03
1.480000000000000000e+02 1.217000000000000000e+03
6.000000000000000000e+01 1.246000000000000000e+03
1.056000061035156250e+02 1.204600006103515625e+03
2.570000000000000000e+02 1.440000000000000000e+03
5.363926696777343750e+02 1.461876556396484375e+03
6.090000038146972656e+02 1.463400024414062500e+03
6.916000061035156250e+02 1.430600006103515625e+03
7.660240058898925781e+02 1.398752014160156250e+03
8.765840072631835938e+02 1.392024017333984375e+03
9.874000091552734375e+02 1.417944030761718750e+03
1.160600006103515625e+03 1.446400024414062500e+03
1.556715270996093750e+03 1.455993347167968750e+03
1.715000000000000000e+03 1.407000000000000000e+03
1.733313262939453125e+03 1.551164001464843750e+03
1.696000000000000000e+03 1.424000000000000000e+03
1.822575912475585938e+03 1.274828186035156250e+03
1.808800003051757812e+03 1.296800003051757812e+03
1.873091217041015625e+03 1.293322601318359375e+03
2.043400009155273438e+03 1.723120025634765625e+03
2.124200004577636719e+03 1.714200012207031250e+03
2.317771224975585938e+03 1.694768066406250000e+03
2.338992736816406250e+03 1.678062286376953125e+03
2.458400024414062500e+03 1.678600006103515625e+03
2.375502410888671875e+03 1.390654434204101562e+03
2.559000000000000000e+03 1.389000000000000000e+03
2.675200012207031250e+03 1.391000015258789062e+03
2.662000000000000000e+03 1.388000000000000000e+03
2.766200012207031250e+03 1.619000030517578125e+03
2.797400009155273438e+03 1.446000015258789062e+03
2.832680007934570312e+03 1.541800018310546875e+03
2.832000000000000000e+03 1.614000000000000000e+03
2.907800003051757812e+03 1.607200012207031250e+03
2.915462745666503906e+03 1.393553970336914062e+03
3.016550430297851562e+03 1.582009643554687500e+03
3.026187118530273438e+03 1.527990905761718750e+03
3.040400009155273438e+03 1.383200000762939453e+03
3.121200012207031250e+03 1.558400009155273438e+03
3.110000000000000000e+03 1.563000000000000000e+03
3.162000000000000000e+03 1.381000000000000000e+03
3.134320007324218750e+03 1.512760009765625000e+03
3.165164810180664062e+03 1.591321655273437500e+03
3.220000007629394531e+03 1.379800003051757812e+03
3.245416015625000000e+03 1.376336013793945312e+03
3.264960014343261719e+03 1.376608016967773438e+03
3.284000000000000000e+03 1.377000000000000000e+03
3.324000000000000000e+03 1.501880004882812500e+03
3.350800003051757812e+03 1.489800003051757812e+03
3.330400001525878906e+03 1.584800018310546875e+03
3.361000000000000000e+03 1.459000000000000000e+03
3.364400001525878906e+03 1.454200012207031250e+03
3.377280006408691406e+03 1.449919998168945312e+03
