1.104000000000000000e+03 1.185000000000000000e+03
1.347032012939453125e+03 1.259280029296875000e+03
1.461304046630859375e+03 1.374945678710937500e+03
1.851727722167968750e+03 1.100321807861328125e+03
1.816864776611328125e+03 9.774393920898437500e+02
1.898241363525390625e+03 1.000828186035156250e+03
2.065736816406250000e+03 1.139323638916015625e+03
1.820800003051757812e+03 1.093600006103515625e+03
2.095120010375976562e+03 1.595440002441406250e+03
2.297624023437500000e+03 1.569552062988281250e+03
2.303862426757812500e+03 1.567478515625000000e+03
2.381576019287109375e+03 1.559000061035156250e+03
2.538000000000000000e+03 1.070000000000000000e+03
2.594000000000000000e+03 1.052000000000000000e+03
2.469440002441406250e+03 1.065680007934570312e+03
2.452649612426757812e+03 1.104416015625000000e+03
2.496000000000000000e+03 1.082000000000000000e+03
2.488000000000000000e+03 1.543000000000000000e+03
2.504000003814697266e+03 1.539800048828125000e+03
2.640600002288818359e+03 1.110040008544921875e+03
2.665200000762939453e+03 1.043600002288818359e+03
2.753000000000000000e+03 1.471640014648437500e+03
2.859035217285156250e+03 1.518032073974609375e+03
3.016600006103515625e+03 1.329800018310546875e+03
2.972624023437500000e+03 1.636256042480468750e+03
3.003168014526367188e+03 1.579032043457031250e+03
3.048960006713867188e+03 1.298040008544921875e+03
2.924520004272460938e+03 1.335360015869140625e+03
3.083931213378906250e+03 1.294347229003906250e+03
3.039120002746582031e+03 1.391000000000000000e+03
3.071944015502929688e+03 1.373524841308593750e+03
3.102000000000000000e+03 1.428800018310546875e+03
3.199000000000000000e+03 1.333000000000000000e+03
3.200200012207031250e+03 1.521800018310546875e+03
3.202000000000000000e+03 1.571000000000000000e+03
3.197048019409179688e+03 1.411745635986328125e+03
3.175296005249023438e+03 1.329912017822265625e+03
3.215000000000000000e+03 1.417000000000000000e+03
3.262400001525878906e+03 1.381200012207031250e+03
3.265600006103515625e+03 1.356360015869140625e+03
3.305974426269531250e+03 1.378343734741210938e+03
3.320974418640136719e+03 1.410420837402343750e+03
3.324560005187988281e+03 1.361760009765625000e+03
3.277960002899169922e+03 1.331840011596679688e+03
3.347462745666503906e+03 1.351948852539062500e+03
3.384120010375976562e+03 1.303680007934570312e+03
3.361440002441406250e+03 1.358640014648437500e+03
3.376000000000000000e+03 1.432000000000000000e+03
3.355760002136230469e+03 1.372960006713867188e+03
3.386000000000000000e+03 1.410000000000000000e+03
3.391800003051757812e+03 1.470000000000000000e+03
3.389044502258300781e+03 1.423761993408203125e+03
3.348200000762939453e+03 1.325200012207031250e+03
3.404480003356933594e+03 1.419880004882812500e+03
3.397944015502929688e+03 1.379905639648437500e+03
3.358000000000000000e+03 1.327000000000000000e+03
3.415400001525878906e+03 1.352200012207031250e+03
3.437224006652832031e+03 1.385736022949218750e+03
3.455000000000000000e+03 1.288000000000000000e+03
3.393400001525878906e+03 1.345800003051757812e+03
3.391520000457763672e+03 1.329520004272460938e+03
3.389640003204345703e+03 1.325520004272460938e+03
3.448000000000000000e+03 1.411000000000000000e+03
3.394400001525878906e+03 1.331400009155273438e+03
3.442000000000000000e+03 1.406000015258789062e+03
3.429576004028320312e+03 1.351800018310546875e+03
3.423000000000000000e+03 1.364000000000000000e+03
3.434649612426757812e+03 1.355550430297851562e+03
3.464600006103515625e+03 1.297800003051757812e+03
3.426680000305175781e+03 1.407600006103515625e+03
3.472000000000000000e+03 1.295000000000000000e+03
3.399000000000000000e+03 1.331000000000000000e+03
3.436800003051757812e+03 1.372600006103515625e+03
3.435600006103515625e+03 1.357400009155273438e+03
3.443000000000000000e+03 1.357000000000000000e+03
3.397000000000000000e+03 1.325000000000000000e+03
3.452000000000000000e+03 1.358000000000000000e+03
3.394000000000000000e+03 1.334000000000000000e+03
3.443800003051757812e+03 1.291200004577636719e+03
3.442040000915527344e+03 1.289240005493164062e+03
3.379000000000000000e+03 1.328000000000000000e+03
3.418000000000000000e+03 1.409000015258789062e+03
3.398280002593994141e+03 1.401560012817382812e+03
3.407600002288818359e+03 1.377400009155273438e+03
3.391600002288818359e+03 1.370000000000000000e+03
3.397040000915527344e+03 1.356160003662109375e+03
3.365000000000000000e+03 1.343000000000000000e+03
3.370000000000000000e+03 1.392000000000000000e+03
3.380720001220703125e+03 1.349040008544921875e+03
3.356000000000000000e+03 1.359000000000000000e+03
3.378000000000000000e+03 1.384000000000000000e+03
3.351000000000000000e+03 1.363000000000000000e+03
3.378200004577636719e+03 1.352600006103515625e+03
3.349200000762939453e+03 1.380400009155273438e+03
3.367000000000000000e+03 1.357000000000000000e+03
3.340000000000000000e+03 1.369400009155273438e+03
3.360800003051757812e+03 1.414000015258789062e+03
3.346680000305175781e+03 1.346919998168945312e+03
3.333000000000000000e+03 1.394000000000000000e+03
3.326000000000000000e+03 1.421000000000000000e+03
3.327000000000000000e+03 1.405000000000000000e+03
3.317000000000000000e+03 1.360000000000000000e+03
3.305000000000000000e+03 1.354000000000000000e+03
3.293000000000000000e+03 1.389000000000000000e+03
3.311000000000000000e+03 1.299000000000000000e+03
3.285000000000000000e+03 1.350000000000000000e+03
1.000000000000000000e+17 1.000000000000000000e+17
3.265000000000000000e+03 1.401000000000000000e+03
3.269000000000000000e+03 1.358000000000000000e+03
3.249000000000000000e+03 1.411000000000000000e+03
3.251000000000000000e+03 1.388000000000000000e+03
3.248400001525878906e+03 1.397680007934570312e+03
3.257600006103515625e+03 1.413800003051757812e+03
3.248000000000000000e+03 1.305000000000000000e+03
3.242000000000000000e+03 1.401000000000000000e+03
3.230000000000000000e+03 1.384000000000000000e+03
3.203000000000000000e+03 1.391200004577636719e+03
1.000000000000000000e+17 1.000000000000000000e+17
1.000000000000000000e+17 1.000000000000000000e+17
3.177000000000000000e+03 1.375000000000000000e+03
3.170200000762939453e+03 1.356600006103515625e+03
3.154200000762939453e+03 1.386000007629394531e+03
3.155000000000000000e+03 1.349000000000000000e+03
3.151400001525878906e+03 1.350600006103515625e+03
1.000000000000000000e+17 1.000000000000000000e+17
3.135000000000000000e+03 1.354000000000000000e+03
3.131000000000000000e+03 1.386000000000000000e+03
3.115000000000000000e+03 1.388000000000000000e+03
3.114000000000000000e+03 1.392000000000000000e+03
3.104800003051757812e+03 1.389000007629394531e+03
3.091200000762939453e+03 1.356400001525878906e+03
3.098200000762939453e+03 1.327000000000000000e+03
3.087000000000000000e+03 1.335000000000000000e+03
3.063000000000000000e+03 1.397000000000000000e+03
1.000000000000000000e+17 1.000000000000000000e+17
3.037200000762939453e+03 1.385000000000000000e+03
1.000000000000000000e+17 1.000000000000000000e+17
1.000000000000000000e+17 1.000000000000000000e+17
3.021000000000000000e+03 1.360000000000000000e+03
3.025000000000000000e+03 1.335000000000000000e+03
3.018000000000000000e+03 1.333000000000000000e+03
1.000000000000000000e+17 1.000000000000000000e+17
1.000000000000000000e+17 1.000000000000000000e+17
2.982000000000000000e+03 1.380000000000000000e+03
2.972000000000000000e+03 1.380000000000000000e+03
1.000000000000000000e+17 1.000000000000000000e+17
2.954800003051757812e+03 1.359400001525878906e+03
2.943000000000000000e+03 1.357000000000000000e+03
2.943000000000000000e+03 1.338000000000000000e+03
2.929000000000000000e+03 1.348000000000000000e+03
2.925000000000000000e+03 1.338000000000000000e+03
1.000000000000000000e+17 1.000000000000000000e+17
1.000000000000000000e+17 1.000000000000000000e+17
1.000000000000000000e+17 1.000000000000000000e+17
1.000000000000000000e+17 1.000000000000000000e+17
1.000000000000000000e+17 1.000000000000000000e+17
2.863000000000000000e+03 1.370000000000000000e+03
2.855000000000000000e+03 1.370000000000000000e+03
1.000000000000000000e+17 1.000000000000000000e+17
1.000000000000000000e+17 1.000000000000000000e+17
1.000000000000000000e+17 1.000000000000000000e+17
1.000000000000000000e+17 1.000000000000000000e+17
1.000000000000000000e+17 1.000000000000000000e+17
1.000000000000000000e+17 1.000000000000000000e+17
1.000000000000000000e+17 1.000000000000000000e+17
2.787000000000000000e+03 1.336000000000000000e+03
2.785000000000000000e+03 1.334000000000000000e+03
1.000000000000000000e+17 1.000000000000000000e+17
1.000000000000000000e+17 1.000000000000000000e+17
1.000000000000000000e+17 1.000000000000000000e+17
1.000000000000000000e+17 1.000000000000000000e+17
1.000000000000000000e+17 1.000000000000000000e+17
1.000000000000000000e+17 1.000000000000000000e+17
1.000000000000000000e+17 1.000000000000000000e+17
1.000000000000000000e+17 1.000000000000000000e+17
2.692000000000000000e+03 1.356000000000000000e+03
2.676000000000000000e+03 1.356000000000000000e+03
1.000000000000000000e+17 1.000000000000000000e+17
1.000000000000000000e+17 1.000000000000000000e+17
1.000000000000000000e+17 1.000000000000000000e+17
1.000000000000000000e+17 1.000000000000000000e+17
1.000000000000000000e+17 1.000000000000000000e+17
1.000000000000000000e+17 1.000000000000000000e+17
1.000000000000000000e+17 1.000000000000000000e+17
2.612000000000000000e+03 1.385000000000000000e+03
2.600000000000000000e+03 1.373000000000000000e+03
1.000000000000000000e+17 1.000000000000000000e+17
1.000000000000000000e+17 1.000000000000000000e+17
1.000000000000000000e+17 1.000000000000000000e+17
1.000000000000000000e+17 1.000000000000000000e+17
1.000000000000000000e+17 1.000000000000000000e+17
1.000000000000000000e+17 1.000000000000000000e+17
1.000000000000000000e+17 1.000000000000000000e+17
1.000000000000000000e+17 1.000000000000000000e+17
1.000000000000000000e+17 1.000000000000000000e+17
1.000000000000000000e+17 1.000000000000000000e+17
1.000000000000000000e+17 1.000000000000000000e+17
