1.000000000000000000e+17 1.000000000000000000e+17
5.640000000000000000e+02 1.385000000000000000e+03
4.700000000000000000e+02 1.211000000000000000e+03
4.932000007629394531e+02 1.196600006103515625e+03
5.400000000000000000e+02 1.382800018310546875e+03
6.278000030517578125e+02 1.383400024414062500e+03
7.180000000000000000e+02 1.211800003051757812e+03
7.490000000000000000e+02 1.313800003051757812e+03
7.435600128173828125e+02 1.400160003662109375e+03
7.091280059814453125e+02 1.337304016113281250e+03
7.360445022583007812e+02 1.364458312988281250e+03
8.327200012207031250e+02 1.402200012207031250e+03
8.930000000000000000e+02 1.194600006103515625e+03
1.031000015258789062e+03 1.196800003051757812e+03
1.011159088134765625e+03 1.196252517700195312e+03
9.267600021362304688e+02 1.195080001831054688e+03
1.062139221191406250e+03 1.107796813964843750e+03
1.126157272338867188e+03 1.222241363525390625e+03
1.178480010986328125e+03 1.094520004272460938e+03
1.174400009155273438e+03 1.375400024414062500e+03
1.259112365722656250e+03 1.394666320800781250e+03
1.299976013183593750e+03 1.443184051513671875e+03
1.438800003051757812e+03 1.454600006103515625e+03
1.467000000000000000e+03 1.454000000000000000e+03
1.478157272338867188e+03 1.183575912475585938e+03
1.429800003051757812e+03 1.450600006103515625e+03
1.520089004516601562e+03 1.100486106872558594e+03
1.567131057739257812e+03 1.108425376892089844e+03
1.653491821289062500e+03 1.411981811523437500e+03
1.868000000000000000e+03 1.179000000000000000e+03
1.814225616455078125e+03 1.310555236816406250e+03
1.888904350280761719e+03 1.389619628906250000e+03
1.842800003051757812e+03 1.191360015869140625e+03
1.932462745666503906e+03 1.184995574951171875e+03
2.069720016479492188e+03 1.178728027343750000e+03
2.092000000000000000e+03 1.194000000000000000e+03
2.245896011352539062e+03 1.044224006652832031e+03
2.273000000000000000e+03 1.197320007324218750e+03
2.561000000000000000e+03 1.195000000000000000e+03
2.689182434082031250e+03 1.036602897644042969e+03
2.668369308471679688e+03 1.190390457153320312e+03
2.728888015747070312e+03 1.026944007873535156e+03
2.814960006713867188e+03 1.136040008544921875e+03
2.807462745666503906e+03 1.193738616943359375e+03
2.982072021484375000e+03 1.210304016113281250e+03
3.177480010986328125e+03 1.079160003662109375e+03
3.305355300903320312e+03 1.103131057739257812e+03
3.476800003051757812e+03 1.139400009155273438e+03
3.572600002288818359e+03 1.211800018310546875e+03
3.664200004577636719e+03 1.219200012207031250e+03
3.690000000000000000e+03 1.746000000000000000e+03
3.807000000000000000e+03 1.626000000000000000e+03
