1.000000000000000000e+17 1.000000000000000000e+17
1.000000000000000000e+17 1.000000000000000000e+17
1.000000000000000000e+17 1.000000000000000000e+17
1.000000000000000000e+17 1.000000000000000000e+17
1.000000000000000000e+17 1.000000000000000000e+17
1.000000000000000000e+17 1.000000000000000000e+17
1.000000000000000000e+17 1.000000000000000000e+17
1.000000000000000000e+17 1.000000000000000000e+17
1.000000000000000000e+17 1.000000000000000000e+17
1.000000000000000000e+17 1.000000000000000000e+17
1.000000000000000000e+17 1.000000000000000000e+17
1.000000000000000000e+17 1.000000000000000000e+17
1.000000000000000000e+17 1.000000000000000000e+17
1.000000000000000000e+17 1.000000000000000000e+17
1.000000000000000000e+17 1.000000000000000000e+17
1.000000000000000000e+17 1.000000000000000000e+17
1.000000000000000000e+17 1.000000000000000000e+17
1.000000000000000000e+17 1.000000000000000000e+17
1.000000000000000000e+17 1.000000000000000000e+17
1.000000000000000000e+17 1.000000000000000000e+17
1.000000000000000000e+17 1.000000000000000000e+17
1.000000000000000000e+17 1.000000000000000000e+17
1.000000000000000000e+17 1.000000000000000000e+17
1.000000000000000000e+17 1.000000000000000000e+17
1.000000000000000000e+17 1.000000000000000000e+17
1.000000000000000000e+17 1.000000000000000000e+17
1.000000000000000000e+17 1.000000000000000000e+17
1.000000000000000000e+17 1.000000000000000000e+17
1.000000000000000000e+17 1.000000000000000000e+17
1.000000000000000000e+17 1.000000000000000000e+17
1.000000000000000000e+17 1.000000000000000000e+17
1.000000000000000000e+17 1.000000000000000000e+17
1.000000000000000000e+17 1.000000000000000000e+17
1.000000000000000000e+17 1.000000000000000000e+17
1.000000000000000000e+17 1.000000000000000000e+17
1.000000000000000000e+17 1.000000000000000000e+17
1.000000000000000000e+17 1.000000000000000000e+17
1.000000000000000000e+17 1.000000000000000000e+17
1.000000000000000000e+17 1.000000000000000000e+17
-3.114729323149922280e+01 3.386760026493112719e+01
-1.370024995670329382e+01 1.252219947604403671e+01
-1.373045935986112021e+01 1.255915885121383369e+01
-1.376108925542111727e+01 1.259663267337110248e+01
-1.418936777724089282e+01 1.276217287240506515e+01
-1.521196261789922310e+01 1.309401161368508326e+01
-1.597644239237919450e+01 1.337750301662279995e+01
-1.621593587155480520e+01 1.343875911853074712e+01
-1.652594594040799691e+01 1.336483900799702695e+01
-1.679201288275121229e+01 1.333287772665406834e+01
-1.739538316730406819e+01 1.341112814110147511e+01
-1.873643572088356279e+01 1.370093685096068370e+01
-2.073321238246359499e+01 1.415732728486261216e+01
-5.270793850611378417e+01 3.075251106667530365e+01
-2.679934507860508575e+01 1.581648353750606972e+01
-2.766657795535454767e+01 1.607495181043215027e+01
-2.742307077866117737e+01 1.572286077066626220e+01
-2.803801671786377625e+01 1.567811354006218316e+01
-3.060838431790399738e+01 1.615722598667231580e+01
2.844508286815053566e+01 -7.454359154261297249e+00
1.798250854602266458e+01 -2.295501630207399391e+00
-5.998244340257924989e+01 2.263889882763535866e+01
-8.568567885146372021e+01 2.948365235623783320e+01
-1.062139876230195341e+02 3.450343500170245647e+01
-1.684668240037009923e+02 4.660232908247866845e+01
-1.764016322085349771e+02 4.803923788281194618e+01
-4.589075176450387517e+02 1.088018625776479809e+02
1.793557985635133889e+01 1.887052865840390226e+00
8.875524261190977882e+01 -9.383356724096088897e+00
4.852500714293631034e+01 -2.072876985451452825e+00
2.642603485494029059e+01 2.158095597496767937e+00
2.352661655849189870e+01 3.112209307015066706e+00
1.829493915859770681e+01 4.166195795875942132e+00
2.861901979493184811e+01 3.433047139472689580e+00
7.908195015949900153e+00 5.627073406865791050e+00
6.630967658773490925e+00 5.836555935832461905e+00
5.206838316942006273e+00 6.123476185200186883e+00
4.813604138731268023e+00 6.309612140588850338e+00
4.001297170939123404e+00 6.481017645528712734e+00
5.174701341713184632e+00 6.439945777521242753e+00
1.374532962631625921e+01 6.094636956149671825e+00
1.194884583368502362e+01 6.700026122843599552e+00
1.054374440895586496e+01 6.827691314191191907e+00
9.936189645339265297e+00 6.977732545713861256e+00
9.341141084948297646e+00 7.098348955554699025e+00
8.233936274421644441e+00 7.116893473055847075e+00
3.214601149297282134e+00 7.243139651105789945e+00
2.397481069641048901e+00 7.325190785431503038e+00
3.221880000688684742e+00 7.414725403591172714e+00
3.713243037066249475e+00 7.498989341334228342e+00
2.983855034854051791e+00 7.538455509421976508e+00
2.605046633431169045e+00 7.576724925459875415e+00
