4.946368255615234375e+02 1.372672027587890625e+03
5.600000000000000000e+02 1.385000000000000000e+03
5.715200042724609375e+02 1.215960006713867188e+03
6.030000000000000000e+02 1.197000000000000000e+03
6.300000000000000000e+02 1.391200012207031250e+03
5.642000007629394531e+02 1.141000000000000000e+03
6.440000000000000000e+02 1.378000000000000000e+03
6.280000000000000000e+02 1.384000000000000000e+03
6.670000000000000000e+02 1.382400024414062500e+03
7.315920104980468750e+02 1.311384033203125000e+03
7.644113616943359375e+02 1.319071380615234375e+03
8.580000000000000000e+02 1.328000000000000000e+03
9.190000000000000000e+02 1.079000000000000000e+03
9.432291564941406250e+02 1.349500366210937500e+03
1.052800003051757812e+03 1.093400001525878906e+03
1.109000000000000000e+03 1.095000000000000000e+03
9.220000000000000000e+02 1.195000000000000000e+03
1.011495452880859375e+03 1.194173095703125000e+03
1.040000007629394531e+03 1.146600006103515625e+03
1.146000000000000000e+03 1.050000000000000000e+03
1.292000015258789062e+03 1.196000000000000000e+03
1.264840003967285156e+03 1.479760009765625000e+03
1.389000000000000000e+03 1.211000000000000000e+03
1.511000000000000000e+03 1.457000000000000000e+03
1.364000007629394531e+03 1.194000000000000000e+03
1.567654541015625000e+03 1.200046966552734375e+03
1.436592010498046875e+03 1.452376037597656250e+03
1.572771224975585938e+03 1.112489616394042969e+03
1.628000000000000000e+03 1.195000000000000000e+03
1.764074996948242188e+03 1.361817291259765625e+03
1.868600006103515625e+03 1.490440032958984375e+03
1.882268814086914062e+03 1.401646453857421875e+03
1.918341278076171875e+03 1.193018936157226562e+03
1.954800003051757812e+03 1.175480010986328125e+03
1.942000000000000000e+03 1.178000000000000000e+03
2.103257202148437500e+03 1.050537498474121094e+03
2.245896011352539062e+03 1.044224006652832031e+03
2.340680007934570312e+03 1.195880004882812500e+03
2.560000015258789062e+03 1.195000015258789062e+03
2.652355300903320312e+03 1.190878784179687500e+03
2.655927711486816406e+03 1.190390457153320312e+03
2.723000000000000000e+03 1.197000000000000000e+03
2.771000000000000000e+03 1.017000000000000000e+03
2.819720001220703125e+03 1.139560012817382812e+03
2.900000000000000000e+03 1.204000000000000000e+03
3.186000000000000000e+03 1.080000000000000000e+03
3.383000000000000000e+03 1.197000000000000000e+03
3.470556182861328125e+03 1.207156860351562500e+03
3.631880004882812500e+03 1.224520019531250000e+03
3.738000000000000000e+03 1.196000000000000000e+03
3.737440002441406250e+03 1.604000007629394531e+03
3.770200000762939453e+03 1.605200000762939453e+03
