1.104200012207031250e+03 1.185400024414062500e+03
1.347377655029296875e+03 1.259971252441406250e+03
1.439738647460937500e+03 1.371379150390625000e+03
1.827848052978515625e+03 1.083744018554687500e+03
1.816864776611328125e+03 9.774393920898437500e+02
2.010514404296875000e+03 1.141766662597656250e+03
1.821000000000000000e+03 1.121000000000000000e+03
1.820800003051757812e+03 1.093600006103515625e+03
2.070640014648437500e+03 1.596880004882812500e+03
2.303000000000000000e+03 1.568000000000000000e+03
2.303862426757812500e+03 1.567478515625000000e+03
2.349800018310546875e+03 1.562600036621093750e+03
2.531217651367187500e+03 1.065078414916992188e+03
2.541640014648437500e+03 1.072919998168945312e+03
2.406800003051757812e+03 1.554800048828125000e+03
2.477360000610351562e+03 1.544480041503906250e+03
2.518997787475585938e+03 1.628963378906250000e+03
2.503080001831054688e+03 1.540040039062500000e+03
2.526944007873535156e+03 1.075496009826660156e+03
2.640600002288818359e+03 1.110040008544921875e+03
2.676960002899169922e+03 1.092560005187988281e+03
2.743400001525878906e+03 1.039400001525878906e+03
2.924892791748046875e+03 1.478799621582031250e+03
2.960728027343750000e+03 1.547547302246093750e+03
2.972624023437500000e+03 1.636256042480468750e+03
2.983814422607421875e+03 1.568664062500000000e+03
2.859000000000000000e+03 1.655000000000000000e+03
2.953550430297851562e+03 1.333862426757812500e+03
3.083931213378906250e+03 1.294347229003906250e+03
3.084048019409179688e+03 1.359377655029296875e+03
3.068626258850097656e+03 1.375598480224609375e+03
3.102000000000000000e+03 1.428000000000000000e+03
3.198360000610351562e+03 1.333200012207031250e+03
3.200200012207031250e+03 1.521800018310546875e+03
3.215800003051757812e+03 1.552000030517578125e+03
3.197048019409179688e+03 1.411745635986328125e+03
3.175296005249023438e+03 1.329912017822265625e+03
3.240680007934570312e+03 1.394408020019531250e+03
3.210752006530761719e+03 1.328640014648437500e+03
3.280864013671875000e+03 1.360104019165039062e+03
3.305974426269531250e+03 1.378343734741210938e+03
3.334411361694335938e+03 1.449570465087890625e+03
3.330320007324218750e+03 1.361184020996093750e+03
3.344200004577636719e+03 1.425440002441406250e+03
3.349400001525878906e+03 1.350000015258789062e+03
3.361195213317871094e+03 1.424524841308593750e+03
3.361440002441406250e+03 1.358640014648437500e+03
3.347017608642578125e+03 1.436598449707031250e+03
3.376496009826660156e+03 1.377280029296875000e+03
3.359796813964843750e+03 1.378728027343750000e+03
3.391800003051757812e+03 1.470000000000000000e+03
3.338000000000000000e+03 1.327000000000000000e+03
3.397496009826660156e+03 1.419568023681640625e+03
3.395840003967285156e+03 1.393960021972656250e+03
3.397944007873535156e+03 1.381288024902343750e+03
3.375000000000000000e+03 1.336000000000000000e+03
3.415400001525878906e+03 1.352200012207031250e+03
3.426000000000000000e+03 1.350000000000000000e+03
3.463927711486816406e+03 1.313857635498046875e+03
3.438551513671875000e+03 1.361145080566406250e+03
3.384800003051757812e+03 1.295200004577636719e+03
3.389640003204345703e+03 1.325520004272460938e+03
3.448000000000000000e+03 1.411000000000000000e+03
3.420800003051757812e+03 1.390200012207031250e+03
3.435000000000000000e+03 1.391000000000000000e+03
3.413400001525878906e+03 1.371000000000000000e+03
3.413400001525878906e+03 1.371200012207031250e+03
3.412000000000000000e+03 1.376000000000000000e+03
3.433649612426757812e+03 1.355476821899414062e+03
3.426680000305175781e+03 1.407600006103515625e+03
3.427000000000000000e+03 1.415000000000000000e+03
3.421752006530761719e+03 1.403280029296875000e+03
3.440000000000000000e+03 1.362000000000000000e+03
3.427000000000000000e+03 1.408000000000000000e+03
3.446400001525878906e+03 1.356400009155273438e+03
3.401000000000000000e+03 1.345000000000000000e+03
3.439000000000000000e+03 1.436000000000000000e+03
3.394000000000000000e+03 1.334000000000000000e+03
3.443800003051757812e+03 1.291200004577636719e+03
3.380000000000000000e+03 1.327000000000000000e+03
3.379000000000000000e+03 1.328000000000000000e+03
3.407920001983642578e+03 1.401560012817382812e+03
3.415560005187988281e+03 1.361240005493164062e+03
3.407600002288818359e+03 1.377400009155273438e+03
3.391000000000000000e+03 1.370000000000000000e+03
3.394160003662109375e+03 1.353280006408691406e+03
3.380000000000000000e+03 1.399000000000000000e+03
3.389000003814697266e+03 1.405200012207031250e+03
3.380720001220703125e+03 1.349040008544921875e+03
3.356000000000000000e+03 1.359000000000000000e+03
3.378000000000000000e+03 1.384000000000000000e+03
3.361400001525878906e+03 1.397000000000000000e+03
3.378200004577636719e+03 1.352600006103515625e+03
3.349200000762939453e+03 1.380400009155273438e+03
3.367000000000000000e+03 1.357000000000000000e+03
3.367600006103515625e+03 1.409000000000000000e+03
3.370000000000000000e+03 1.323000000000000000e+03
3.362000000000000000e+03 1.327000000000000000e+03
3.333000000000000000e+03 1.394000000000000000e+03
3.327000000000000000e+03 1.401000000000000000e+03
3.324000000000000000e+03 1.421000000000000000e+03
3.320000000000000000e+03 1.421000000000000000e+03
3.305000000000000000e+03 1.354000000000000000e+03
3.296640003204345703e+03 1.352720001220703125e+03
3.295000000000000000e+03 1.357000000000000000e+03
3.284000000000000000e+03 1.395400009155273438e+03
1.000000000000000000e+17 1.000000000000000000e+17
3.265000000000000000e+03 1.401000000000000000e+03
3.253000000000000000e+03 1.371000000000000000e+03
3.254600002288818359e+03 1.406600006103515625e+03
3.268000000000000000e+03 1.360000000000000000e+03
3.241000000000000000e+03 1.386000000000000000e+03
3.250000000000000000e+03 1.400000000000000000e+03
3.248000000000000000e+03 1.305000000000000000e+03
3.246000000000000000e+03 1.403000000000000000e+03
3.215000000000000000e+03 1.350000000000000000e+03
3.203000000000000000e+03 1.391200004577636719e+03
1.000000000000000000e+17 1.000000000000000000e+17
1.000000000000000000e+17 1.000000000000000000e+17
3.182000000000000000e+03 1.356000000000000000e+03
3.164000000000000000e+03 1.361000000000000000e+03
3.165000000000000000e+03 1.353000000000000000e+03
3.158000000000000000e+03 1.351000000000000000e+03
3.151400001525878906e+03 1.350600006103515625e+03
1.000000000000000000e+17 1.000000000000000000e+17
3.135000000000000000e+03 1.354000000000000000e+03
3.131000000000000000e+03 1.386000000000000000e+03
3.115000000000000000e+03 1.388000000000000000e+03
3.115000000000000000e+03 1.397000000000000000e+03
3.119000000000000000e+03 1.336000000000000000e+03
3.108000003814697266e+03 1.331200000762939453e+03
3.103000000000000000e+03 1.334000000000000000e+03
3.091000000000000000e+03 1.320000000000000000e+03
3.063000000000000000e+03 1.397000000000000000e+03
1.000000000000000000e+17 1.000000000000000000e+17
1.000000000000000000e+17 1.000000000000000000e+17
1.000000000000000000e+17 1.000000000000000000e+17
1.000000000000000000e+17 1.000000000000000000e+17
3.021000000000000000e+03 1.360000000000000000e+03
3.025000000000000000e+03 1.333000000000000000e+03
3.017000000000000000e+03 1.338000000000000000e+03
1.000000000000000000e+17 1.000000000000000000e+17
1.000000000000000000e+17 1.000000000000000000e+17
2.982000000000000000e+03 1.378000000000000000e+03
2.972000000000000000e+03 1.380000000000000000e+03
1.000000000000000000e+17 1.000000000000000000e+17
2.954800003051757812e+03 1.359400001525878906e+03
2.961000000000000000e+03 1.334000000000000000e+03
2.943000000000000000e+03 1.338000000000000000e+03
2.929000000000000000e+03 1.348000000000000000e+03
2.925000000000000000e+03 1.338000000000000000e+03
1.000000000000000000e+17 1.000000000000000000e+17
1.000000000000000000e+17 1.000000000000000000e+17
1.000000000000000000e+17 1.000000000000000000e+17
1.000000000000000000e+17 1.000000000000000000e+17
1.000000000000000000e+17 1.000000000000000000e+17
2.857000000000000000e+03 1.378000000000000000e+03
2.855000000000000000e+03 1.370000000000000000e+03
1.000000000000000000e+17 1.000000000000000000e+17
1.000000000000000000e+17 1.000000000000000000e+17
1.000000000000000000e+17 1.000000000000000000e+17
1.000000000000000000e+17 1.000000000000000000e+17
1.000000000000000000e+17 1.000000000000000000e+17
1.000000000000000000e+17 1.000000000000000000e+17
1.000000000000000000e+17 1.000000000000000000e+17
2.787000000000000000e+03 1.336000000000000000e+03
2.777000000000000000e+03 1.345000000000000000e+03
1.000000000000000000e+17 1.000000000000000000e+17
1.000000000000000000e+17 1.000000000000000000e+17
1.000000000000000000e+17 1.000000000000000000e+17
1.000000000000000000e+17 1.000000000000000000e+17
1.000000000000000000e+17 1.000000000000000000e+17
1.000000000000000000e+17 1.000000000000000000e+17
1.000000000000000000e+17 1.000000000000000000e+17
1.000000000000000000e+17 1.000000000000000000e+17
2.689000000000000000e+03 1.355000000000000000e+03
2.676000000000000000e+03 1.356000000000000000e+03
1.000000000000000000e+17 1.000000000000000000e+17
1.000000000000000000e+17 1.000000000000000000e+17
1.000000000000000000e+17 1.000000000000000000e+17
1.000000000000000000e+17 1.000000000000000000e+17
1.000000000000000000e+17 1.000000000000000000e+17
1.000000000000000000e+17 1.000000000000000000e+17
1.000000000000000000e+17 1.000000000000000000e+17
2.606000000000000000e+03 1.378000000000000000e+03
2.600000000000000000e+03 1.373000000000000000e+03
1.000000000000000000e+17 1.000000000000000000e+17
1.000000000000000000e+17 1.000000000000000000e+17
1.000000000000000000e+17 1.000000000000000000e+17
1.000000000000000000e+17 1.000000000000000000e+17
1.000000000000000000e+17 1.000000000000000000e+17
1.000000000000000000e+17 1.000000000000000000e+17
1.000000000000000000e+17 1.000000000000000000e+17
1.000000000000000000e+17 1.000000000000000000e+17
1.000000000000000000e+17 1.000000000000000000e+17
1.000000000000000000e+17 1.000000000000000000e+17
1.000000000000000000e+17 1.000000000000000000e+17
