1.262120025634765625e+03 1.667320007324218750e+03
1.335682556152343750e+03 1.174290161132812500e+03
1.775661926269531250e+03 1.121551757812500000e+03
1.876000000000000000e+03 1.126000000000000000e+03
1.920000000000000000e+03 1.204000000000000000e+03
2.084000030517578125e+03 1.164600006103515625e+03
2.113000000000000000e+03 1.592000000000000000e+03
1.843091209411621094e+03 1.618950500488281250e+03
2.071600006103515625e+03 1.597600036621093750e+03
2.135192016601562500e+03 1.590288085937500000e+03
2.345200012207031250e+03 1.563600036621093750e+03
2.346000000000000000e+03 1.565000000000000000e+03
2.539800018310546875e+03 1.067440002441406250e+03
2.545000000000000000e+03 1.068000000000000000e+03
2.588987274169921875e+03 1.424230468750000000e+03
2.477600006103515625e+03 1.545200012207031250e+03
2.588256011962890625e+03 1.733680053710937500e+03
2.479752006530761719e+03 1.072040008544921875e+03
2.520032005310058594e+03 1.063400009155273438e+03
2.630000000000000000e+03 1.102000000000000000e+03
2.660000000000000000e+03 1.104000000000000000e+03
2.916008026123046875e+03 1.522040039062500000e+03
2.898018936157226562e+03 1.565393188476562500e+03
2.957800003051757812e+03 1.113800003051757812e+03
2.953000000000000000e+03 1.657000000000000000e+03
2.947872009277343750e+03 1.610136047363281250e+03
3.109000000000000000e+03 1.334000000000000000e+03
2.802000000000000000e+03 1.103000000000000000e+03
3.097285217285156250e+03 1.284808715820312500e+03
3.086453407287597656e+03 1.362612487792968750e+03
3.083000000000000000e+03 1.374000000000000000e+03
3.101520004272460938e+03 1.428080017089843750e+03
3.127800003051757812e+03 1.498800018310546875e+03
3.200200012207031250e+03 1.521800018310546875e+03
3.148840003967285156e+03 1.586320007324218750e+03
3.258200012207031250e+03 1.327400009155273438e+03
3.175296005249023438e+03 1.329912017822265625e+03
3.197000003814697266e+03 1.328600006103515625e+03
3.262400001525878906e+03 1.381200012207031250e+03
3.215000000000000000e+03 1.306000000000000000e+03
3.255000000000000000e+03 1.408000000000000000e+03
3.359493637084960938e+03 1.413738647460937500e+03
3.291200004577636719e+03 1.411200012207031250e+03
3.370000000000000000e+03 1.292000000000000000e+03
3.343481437683105469e+03 1.480346191406250000e+03
3.360504013061523438e+03 1.421760040283203125e+03
3.382000000000000000e+03 1.430000000000000000e+03
3.354067863464355469e+03 1.436598480224609375e+03
3.380000007629394531e+03 1.376800003051757812e+03
3.344360000610351562e+03 1.443240020751953125e+03
3.362760009765625000e+03 1.461216033935546875e+03
3.389044502258300781e+03 1.423761993408203125e+03
3.430040008544921875e+03 1.484080017089843750e+03
3.405459213256835938e+03 1.419304046630859375e+03
3.370200000762939453e+03 1.335400009155273438e+03
3.373000000000000000e+03 1.327000000000000000e+03
3.427496009826660156e+03 1.370728027343750000e+03
3.428200004577636719e+03 1.353000015258789062e+03
3.440400001525878906e+03 1.463800018310546875e+03
3.387000000000000000e+03 1.331000000000000000e+03
3.467000000000000000e+03 1.301000000000000000e+03
3.463000000000000000e+03 1.328000000000000000e+03
3.420000000000000000e+03 1.392000000000000000e+03
3.420800003051757812e+03 1.390200012207031250e+03
3.434319999694824219e+03 1.356320007324218750e+03
3.419208007812500000e+03 1.374264022827148438e+03
3.426600006103515625e+03 1.360400009155273438e+03
3.417024005889892578e+03 1.431928039550781250e+03
3.422000000000000000e+03 1.439000000000000000e+03
3.395000000000000000e+03 1.326000000000000000e+03
3.431000000000000000e+03 1.417000000000000000e+03
3.433560005187988281e+03 1.347120010375976562e+03
3.415000000000000000e+03 1.376000000000000000e+03
3.448000000000000000e+03 1.356000000000000000e+03
3.442800003051757812e+03 1.356400009155273438e+03
3.449520004272460938e+03 1.360800003051757812e+03
3.452000000000000000e+03 1.358000000000000000e+03
3.441600006103515625e+03 1.353800003051757812e+03
3.470000000000000000e+03 1.308000000000000000e+03
3.382000000000000000e+03 1.331000000000000000e+03
3.422000000000000000e+03 1.415000000000000000e+03
3.418000000000000000e+03 1.409000015258789062e+03
3.412200004577636719e+03 1.413800003051757812e+03
3.406208007812500000e+03 1.386808013916015625e+03
3.398800003051757812e+03 1.354400009155273438e+03
3.397040000915527344e+03 1.356160003662109375e+03
3.386568004608154297e+03 1.350608016967773438e+03
3.391000000000000000e+03 1.408000000000000000e+03
3.383600002288818359e+03 1.412400009155273438e+03
3.379000000000000000e+03 1.387000000000000000e+03
3.365640003204345703e+03 1.401440002441406250e+03
3.367400001525878906e+03 1.417400009155273438e+03
3.367160003662109375e+03 1.417640014648437500e+03
3.395000000000000000e+03 1.325000000000000000e+03
3.370848007202148438e+03 1.290576004028320312e+03
3.340000000000000000e+03 1.369400009155273438e+03
3.335600002288818359e+03 1.373200012207031250e+03
3.353000000000000000e+03 1.408000000000000000e+03
3.327000000000000000e+03 1.247000000000000000e+03
1.000000000000000000e+17 1.000000000000000000e+17
1.000000000000000000e+17 1.000000000000000000e+17
1.000000000000000000e+17 1.000000000000000000e+17
3.315000000000000000e+03 1.421000000000000000e+03
3.288000000000000000e+03 1.417000000000000000e+03
3.292000000000000000e+03 1.351600006103515625e+03
3.285000000000000000e+03 1.350000000000000000e+03
1.000000000000000000e+17 1.000000000000000000e+17
1.000000000000000000e+17 1.000000000000000000e+17
3.270000000000000000e+03 1.429000000000000000e+03
3.254600002288818359e+03 1.409000000000000000e+03
3.249000000000000000e+03 1.411000000000000000e+03
3.238000000000000000e+03 1.408000000000000000e+03
3.258000000000000000e+03 1.414000000000000000e+03
3.253200004577636719e+03 1.328800003051757812e+03
3.245000000000000000e+03 1.328000000000000000e+03
3.221600002288818359e+03 1.364800003051757812e+03
1.000000000000000000e+17 1.000000000000000000e+17
1.000000000000000000e+17 1.000000000000000000e+17
1.000000000000000000e+17 1.000000000000000000e+17
1.000000000000000000e+17 1.000000000000000000e+17
3.164000000000000000e+03 1.383000000000000000e+03
3.154200000762939453e+03 1.386000007629394531e+03
3.177000000000000000e+03 1.335000000000000000e+03
3.167000000000000000e+03 1.336000000000000000e+03
1.000000000000000000e+17 1.000000000000000000e+17
3.135000000000000000e+03 1.354000000000000000e+03
3.119000000000000000e+03 1.409000000000000000e+03
1.000000000000000000e+17 1.000000000000000000e+17
3.107600002288818359e+03 1.389200004577636719e+03
3.104800003051757812e+03 1.389000007629394531e+03
3.093000000000000000e+03 1.382000000000000000e+03
3.095800003051757812e+03 1.310200000762939453e+03
3.091000000000000000e+03 1.320000000000000000e+03
3.063000000000000000e+03 1.397000000000000000e+03
1.000000000000000000e+17 1.000000000000000000e+17
1.000000000000000000e+17 1.000000000000000000e+17
1.000000000000000000e+17 1.000000000000000000e+17
1.000000000000000000e+17 1.000000000000000000e+17
3.021000000000000000e+03 1.360000000000000000e+03
3.023000000000000000e+03 1.378000000000000000e+03
3.006000000000000000e+03 1.393000000000000000e+03
1.000000000000000000e+17 1.000000000000000000e+17
1.000000000000000000e+17 1.000000000000000000e+17
1.000000000000000000e+17 1.000000000000000000e+17
1.000000000000000000e+17 1.000000000000000000e+17
1.000000000000000000e+17 1.000000000000000000e+17
2.943000000000000000e+03 1.367000000000000000e+03
2.943000000000000000e+03 1.357000000000000000e+03
2.943000000000000000e+03 1.338000000000000000e+03
2.925000000000000000e+03 1.350000000000000000e+03
1.000000000000000000e+17 1.000000000000000000e+17
1.000000000000000000e+17 1.000000000000000000e+17
1.000000000000000000e+17 1.000000000000000000e+17
1.000000000000000000e+17 1.000000000000000000e+17
1.000000000000000000e+17 1.000000000000000000e+17
1.000000000000000000e+17 1.000000000000000000e+17
2.857000000000000000e+03 1.378000000000000000e+03
2.852000000000000000e+03 1.369000000000000000e+03
1.000000000000000000e+17 1.000000000000000000e+17
1.000000000000000000e+17 1.000000000000000000e+17
1.000000000000000000e+17 1.000000000000000000e+17
1.000000000000000000e+17 1.000000000000000000e+17
1.000000000000000000e+17 1.000000000000000000e+17
1.000000000000000000e+17 1.000000000000000000e+17
1.000000000000000000e+17 1.000000000000000000e+17
2.789000000000000000e+03 1.339000000000000000e+03
2.789000000000000000e+03 1.398000000000000000e+03
1.000000000000000000e+17 1.000000000000000000e+17
1.000000000000000000e+17 1.000000000000000000e+17
1.000000000000000000e+17 1.000000000000000000e+17
1.000000000000000000e+17 1.000000000000000000e+17
1.000000000000000000e+17 1.000000000000000000e+17
1.000000000000000000e+17 1.000000000000000000e+17
1.000000000000000000e+17 1.000000000000000000e+17
1.000000000000000000e+17 1.000000000000000000e+17
1.000000000000000000e+17 1.000000000000000000e+17
1.000000000000000000e+17 1.000000000000000000e+17
1.000000000000000000e+17 1.000000000000000000e+17
1.000000000000000000e+17 1.000000000000000000e+17
1.000000000000000000e+17 1.000000000000000000e+17
1.000000000000000000e+17 1.000000000000000000e+17
1.000000000000000000e+17 1.000000000000000000e+17
1.000000000000000000e+17 1.000000000000000000e+17
1.000000000000000000e+17 1.000000000000000000e+17
1.000000000000000000e+17 1.000000000000000000e+17
2.600000000000000000e+03 1.373000000000000000e+03
1.000000000000000000e+17 1.000000000000000000e+17
1.000000000000000000e+17 1.000000000000000000e+17
1.000000000000000000e+17 1.000000000000000000e+17
1.000000000000000000e+17 1.000000000000000000e+17
1.000000000000000000e+17 1.000000000000000000e+17
1.000000000000000000e+17 1.000000000000000000e+17
1.000000000000000000e+17 1.000000000000000000e+17
1.000000000000000000e+17 1.000000000000000000e+17
1.000000000000000000e+17 1.000000000000000000e+17
1.000000000000000000e+17 1.000000000000000000e+17
1.000000000000000000e+17 1.000000000000000000e+17
