0.000000000000000000e+00 1.219999999999999973e+00 0.000000000000000000e+00
0.000000000000000000e+00 2.439999999999999947e+00 0.000000000000000000e+00
0.000000000000000000e+00 3.660000000000000142e+00 0.000000000000000000e+00
0.000000000000000000e+00 4.879999999999999893e+00 0.000000000000000000e+00
3.000000000000000000e+00 1.219999999999999973e+00 0.000000000000000000e+00
3.000000000000000000e+00 2.439999999999999947e+00 0.000000000000000000e+00
3.000000000000000000e+00 3.660000000000000142e+00 0.000000000000000000e+00
3.000000000000000000e+00 4.879999999999999893e+00 0.000000000000000000e+00
4.799999999999999822e+00 1.219999999999999973e+00 0.000000000000000000e+00
4.799999999999999822e+00 2.439999999999999947e+00 0.000000000000000000e+00
4.799999999999999822e+00 3.660000000000000142e+00 0.000000000000000000e+00
4.799999999999999822e+00 4.879999999999999893e+00 0.000000000000000000e+00
