0.000000000000000000e+00 1.219999999999999973e+00 0.000000000000000000e+00
0.000000000000000000e+00 2.439999999999999947e+00 0.000000000000000000e+00
0.000000000000000000e+00 3.600000000000000089e+00 0.000000000000000000e+00
2.200000000000000000e+00 1.219999999999999973e+00 0.000000000000000000e+00
2.200000000000000000e+00 2.439999999999999947e+00 0.000000000000000000e+00
2.200000000000000000e+00 3.600000000000000089e+00 0.000000000000000000e+00
4.400000000000000000e+00 1.219999999999999973e+00 0.000000000000000000e+00
4.400000000000000000e+00 2.439999999999999947e+00 0.000000000000000000e+00
4.400000000000000000e+00 3.600000000000000089e+00 0.000000000000000000e+00
6.600000000000000000e+00 1.219999999999999973e+00 0.000000000000000000e+00
6.600000000000000000e+00 2.439999999999999947e+00 0.000000000000000000e+00
6.600000000000000000e+00 3.600000000000000089e+00 0.000000000000000000e+00
8.800000000000000000e+00 1.219999999999999973e+00 0.000000000000000000e+00
8.800000000000000000e+00 2.439999999999999947e+00 0.000000000000000000e+00
8.800000000000000000e+00 3.600000000000000089e+00 0.000000000000000000e+00



