3.000000000000000000e+00 1.179999999999999938e+00 0.000000000000000000e+00
3.000000000000000000e+00 2.399999999999999911e+00 0.000000000000000000e+00
3.000000000000000000e+00 4.839999999999999858e+00 0.000000000000000000e+00
4.814999999999999503e+00 1.179999999999999938e+00 0.000000000000000000e+00
4.814999999999999503e+00 2.399999999999999911e+00 0.000000000000000000e+00
4.814999999999999503e+00 3.620000000000000107e+00 0.000000000000000000e+00
4.814999999999999503e+00 4.839999999999999858e+00 0.000000000000000000e+00
6.629999999999999893e+00 1.179999999999999938e+00 0.000000000000000000e+00
6.629999999999999893e+00 2.399999999999999911e+00 0.000000000000000000e+00
6.629999999999999893e+00 3.620000000000000107e+00 0.000000000000000000e+00
6.629999999999999893e+00 4.839999999999999858e+00 0.000000000000000000e+00
