0.000000000000000000e+00 1.219999999999999973e+00 0.000000000000000000e+00
0.000000000000000000e+00 2.439999999999999947e+00 0.000000000000000000e+00
0.000000000000000000e+00 3.600000000000000089e+00 0.000000000000000000e+00
1.824999999999999956e+00 1.219999999999999973e+00 0.000000000000000000e+00
1.824999999999999956e+00 2.439999999999999947e+00 0.000000000000000000e+00
1.824999999999999956e+00 3.600000000000000089e+00 0.000000000000000000e+00
3.650000000000000355e+00 1.219999999999999973e+00 0.000000000000000000e+00
3.650000000000000355e+00 2.439999999999999947e+00 0.000000000000000000e+00
3.650000000000000355e+00 3.600000000000000089e+00 0.000000000000000000e+00
5.474999999999999645e+00 1.219999999999999973e+00 0.000000000000000000e+00
5.474999999999999645e+00 2.439999999999999947e+00 0.000000000000000000e+00
5.474999999999999645e+00 3.600000000000000089e+00 0.000000000000000000e+00
7.299999999999999822e+00 1.219999999999999973e+00 0.000000000000000000e+00
7.299999999999999822e+00 2.439999999999999947e+00 0.000000000000000000e+00
7.299999999999999822e+00 3.600000000000000089e+00 0.000000000000000000e+00
