-1.072036165585852707e+01 1.091426054594407091e+01 -8.913174934609414679e-01
-1.263222203800490995e+01 1.343541673541798254e+01 -1.898958452781104866e-01
-1.229141097386201231e+01 1.295687080450366579e+01 -4.671284309109017263e-01
-1.139552672517678999e+01 1.167412187687958536e+01 -9.272041350223718670e-01
-1.095352016084616587e+01 1.084213039698693315e+01 -9.166966809566858831e-01
-1.159024566314229254e+01 1.148864661531805353e+01 -6.841681330772131364e-01
-1.238456744229238105e+01 1.220801718616175080e+01 -4.266195199028072760e-01
-1.110044033796925511e+01 1.069642611272674948e+01 -8.440612386410115686e-01
-1.117919721630400609e+01 1.075666412118718007e+01 -8.834682807039798691e-01
-1.022210160374724808e+01 9.696330895002430950e+00 -1.092365511364759900e+00
-1.048555543446195948e+01 9.946286434553783806e+00 -1.050147345183921388e+00
-1.001804628037751321e+01 9.506326105456674114e+00 -1.109712791366262996e+00
-1.057364161735681307e+01 9.987608622026222349e+00 -1.041709946041051937e+00
-1.278899646571965754e+01 1.177546105584931446e+01 -5.970746376378448517e-01
-1.448305547264591020e+01 1.299789278261104819e+01 -2.515107127438568901e-01
-1.322082854756475356e+01 1.193368846536701966e+01 -5.149012494585535338e-01
-1.272788193325576422e+01 1.153434481526728383e+01 -5.805769572676287016e-01
-1.465502745079782976e+01 1.286790779579410859e+01 -3.509481382642593572e-01
-1.264511231200054198e+01 1.138772702529328917e+01 -7.602531136211934104e-01
-1.537266910660854258e+01 1.318396731066132865e+01 -4.234833418732262267e-01
-1.561629763271471028e+01 1.325036964028106468e+01 -3.773537770378941336e-01
-1.432125180922560226e+01 1.231182693421334484e+01 -7.645629610358739559e-01
-1.705965482453591164e+01 1.396544315251622947e+01 -3.599679392332936212e-01
-1.304379438290283311e+01 1.142345756713641514e+01 -9.274948728427808708e-01
-1.375520252981459990e+01 1.186773325496208287e+01 -1.060448929222762571e+00
-1.369747989899538609e+01 1.173520419814313520e+01 -8.389708539499498574e-01
-1.676648396414958953e+01 1.357988581150716456e+01 -5.064574508820545162e-01
-1.930785298727423793e+01 1.498042809220829419e+01 -3.259940090521050160e-01
-3.827868034144611187e+01 2.566714266471506889e+01 1.528249546553804183e+00
-4.855616039607134837e+01 3.115763119004749981e+01 2.587425436948199042e+00
2.992774026915373309e+00 2.535898261467973924e+00 -2.110371593828068271e+00
1.013023467355487917e+01 1.156975208071402278e-01 -2.494918859607511141e+00
9.105382246650268740e+00 6.515535788061683764e-01 -2.307944440427081023e+00
9.431664774525534867e+00 5.310139598173809761e-01 -2.257859620701314185e+00
9.976375079222350450e+00 2.975093657600038077e-01 -2.454488381080128789e+00
1.048490419209663749e+01 1.459463923518570516e-01 -2.262217008239260529e+00
1.249118072778566457e+01 -8.206108772941373974e-01 -2.360735203664913850e+00
9.591192666891132035e+00 5.959023720199024821e-01 -2.239853737262610611e+00
1.001084169365786458e+01 3.714934137932693337e-01 -2.096907166709062853e+00
1.015054410421582709e+01 3.373561488075486614e-01 -2.152847910308776758e+00
1.126382506056759425e+01 -1.649407190464946549e-01 -2.324439194633654449e+00
1.194591033981289740e+01 -4.300111954599650232e-01 -2.471438140714234510e+00
1.022125539557008267e+01 4.626300286035499587e-01 -2.324104889705366883e+00
1.074429465842372444e+01 2.339268839190627447e-01 -2.309283470633710866e+00
9.833396178577759272e+00 6.214669072834776431e-01 -2.191613761559605411e+00
9.705448230789395225e+00 6.848398737514911350e-01 -2.174645843402589929e+00
9.930269579975229632e+00 5.889131162721057411e-01 -2.208941241812773626e+00
1.078807961678621652e+01 1.657532129671527299e-01 -2.401572676674053053e+00
1.169414825311100259e+01 -2.537517889318550157e-01 -2.465655515284435495e+00
1.099346199108430255e+01 6.753212234821631688e-02 -2.295441472330692179e+00
1.189233744047761121e+01 -3.417535262255018136e-01 -2.310065721758583823e+00
1.170904274801451450e+01 -2.628715202585424904e-01 -2.245001251729817682e+00
1.214507680847610871e+01 -5.084180477839137513e-01 -2.103205933254925331e+00
1.182185859963561469e+01 -3.239931855631382196e-01 -2.284262843433791268e+00
1.191698204488761803e+01 -3.848611402957095584e-01 -2.107310605660301039e+00
1.313510832666699280e+01 -9.890128429398014065e-01 -2.341449167624912953e+00
1.322095382200692271e+01 -1.026965758809752272e+00 -2.394476162060247493e+00
1.273399187628089635e+01 -7.879736939942090235e-01 -2.445474619911107705e+00
1.211996114562319882e+01 -5.062980557546145066e-01 -2.190750447067475015e+00
1.195821337091459746e+01 -4.592317087312650092e-01 -2.071672889041438648e+00
1.202522895192163865e+01 -5.277516143901640477e-01 -2.050685653195161162e+00
1.201264282819335882e+01 -5.341076658151986400e-01 -2.045536810885385748e+00
1.207147250049436948e+01 -5.900516695600481754e-01 -2.045295295784706369e+00
1.210571430006959481e+01 -6.113791048253063298e-01 -2.084980467037377050e+00
1.300840113120858277e+01 -1.082691853248006542e+00 -2.246427734313936941e+00
1.336793314900738139e+01 -1.269208339958056264e+00 -2.314991821593930688e+00
1.299945404473892374e+01 -1.091312115768157787e+00 -2.147306999310698572e+00
1.278514033670728800e+01 -1.021451262391852577e+00 -2.032960041210161162e+00
1.110591905991165440e+01 -2.647821431752971910e-01 -1.998946957430192128e+00
1.112387845343379489e+01 -2.905343079261589190e-01 -1.994247995506790883e+00
1.251858189108748576e+01 -9.531567865450716326e-01 -2.094264963419723458e+00
1.273761190498304252e+01 -1.078920024539131717e+00 -2.125085372372961690e+00
1.222809510498315433e+01 -8.918921390221433709e-01 -2.151460410967545922e+00
1.253969092872348234e+01 -1.064066697528075256e+00 -2.285785573988649233e+00
1.257267503986349944e+01 -1.103604735310116602e+00 -2.288449786520095675e+00
1.245805063686840519e+01 -1.073085056533792159e+00 -2.251243588059372414e+00
1.211070841961628552e+01 -9.373383718551099308e-01 -2.173082407501805591e+00
1.302807788334839145e+01 -1.414623984098802190e+00 -2.021902507856194298e+00
1.288155456853325553e+01 -1.373337445347454278e+00 -1.952321784134912308e+00
1.300091424774888260e+01 -1.467507376206303338e+00 -2.006936798737789740e+00
1.265014956487127584e+01 -1.298461080027674575e+00 -2.127926776648994434e+00
1.330357004096697615e+01 -1.660600478725277496e+00 -2.285814400092525567e+00
1.405955485027064711e+01 -2.083432243460455968e+00 -2.330960274979505531e+00
1.466462015331770985e+01 -2.438077813538166883e+00 -2.216416819159734430e+00
1.337861371557722556e+01 -1.862159447689532454e+00 -2.050233257371086193e+00
1.289296281212549289e+01 -1.640710668730329669e+00 -2.038418908758310888e+00
1.279215145776834106e+01 -1.625801398687192423e+00 -2.018927475428678342e+00
1.387800202365849955e+01 -2.177584402679304532e+00 -2.084275337798391803e+00
1.416679723741221331e+01 -2.357921018653458933e+00 -2.112396236417213302e+00
1.427089770726638740e+01 -2.436387760273934777e+00 -2.191225395334403636e+00
1.480375029773502860e+01 -2.759541672397801904e+00 -2.308690241668318599e+00
1.625048692438189235e+01 -3.619617393407798200e+00 -2.024653021204107617e+00
1.623717226684706461e+01 -3.665625697224025092e+00 -2.030738770438089258e+00
1.590658223288277284e+01 -3.532725025195884161e+00 -2.003900194708259974e+00
1.567372793239444206e+01 -3.463251663500957367e+00 -1.912032359875473153e+00
1.381517650026289878e+01 -2.574262667100184920e+00 -1.742075119312391562e+00
1.369976933848262668e+01 -2.564390892793567911e+00 -1.677115817448788349e+00
1.514353563474708686e+01 -3.311913534645262391e+00 -1.867204402817667974e+00
1.381067423771926883e+01 -2.669831314186482452e+00 -1.960835603368251245e+00
1.323583446337979019e+01 -2.448328309003973580e+00 -1.854063143623427834e+00
1.359677654014222981e+01 -2.706864228401653083e+00 -1.860737848808049044e+00
1.350408635783523792e+01 -2.717027757378875918e+00 -1.859514178043601973e+00
1.328139563407112256e+01 -2.655691135831276029e+00 -1.742822850802665968e+00
1.317735793141282663e+01 -2.646118118766906058e+00 -1.727014236530214575e+00
1.353749734649286829e+01 -2.874243247172063143e+00 -1.720795846081151437e+00
1.371513895056939525e+01 -3.013526458389821361e+00 -1.752817065687261477e+00
1.452096167065625920e+01 -3.482867599208449683e+00 -1.767511546083640583e+00
1.491973164704436883e+01 -3.735328452181801318e+00 -1.893322402756744793e+00
1.520528739460490719e+01 -3.952743442438278798e+00 -2.024275627751810802e+00
1.548296312086301540e+01 -4.175112585845670132e+00 -1.940052523074525803e+00
1.524428890022656802e+01 -4.116952200512018045e+00 -1.906479513562901351e+00
1.521011487312257238e+01 -4.161639414914537483e+00 -1.852729821092039542e+00
1.529763837962956607e+01 -4.277351335466407889e+00 -1.762102965756901840e+00
1.496729018016752732e+01 -4.092876521862531369e+00 -1.862620999842260261e+00
1.602993961230889397e+01 -4.758363685264328069e+00 -1.770081056086692861e+00
1.815727505385643425e+01 -5.986445579571863185e+00 -2.114143127598679950e+00
1.619628357507126282e+01 -4.989256368859655844e+00 -1.963036966426461527e+00
1.629882443647800017e+01 -5.123833932847990269e+00 -1.898181948452580148e+00
1.624691629551859151e+01 -5.163314365290131214e+00 -1.887113434845753446e+00
1.562339427349491849e+01 -4.908510713177087759e+00 -1.855893044268919656e+00
1.588613475201568015e+01 -5.115984012509687595e+00 -1.780199073375864138e+00
1.629518204727801134e+01 -5.418907362421935048e+00 -1.756492257852669603e+00
1.782106709118018983e+01 -6.339735665224039529e+00 -1.763499600587757454e+00
1.718113240644972706e+01 -6.028376954257355536e+00 -1.718046023878687878e+00
1.752135683840131719e+01 -6.304063465199632788e+00 -1.728578181244079248e+00
1.829347441608929614e+01 -6.855473245246153979e+00 -1.891056945112752130e+00
1.827614140179583302e+01 -6.871968714204969686e+00 -1.957909381414132843e+00
1.803515305618950748e+01 -6.800564791753923366e+00 -1.958144280414130245e+00
1.812195974624023975e+01 -6.944683052236072740e+00 -1.941575366296547589e+00
1.833355052233079974e+01 -7.123413588691787091e+00 -1.941102639157101128e+00
1.806583428454888107e+01 -7.087280971553322040e+00 -1.802033712135570065e+00
1.793062687176471215e+01 -7.029630549125452710e+00 -1.784597609003027996e+00
1.759724272171651549e+01 -6.910657650069564895e+00 -1.728007397135254086e+00
1.815198401083198831e+01 -7.326155978000546298e+00 -1.883698943066669296e+00
1.866365632826983045e+01 -7.704963284994847506e+00 -1.880687546149698575e+00
1.941171962040355226e+01 -8.259320751028514707e+00 -2.016287467654916288e+00
1.956053335098772550e+01 -8.455916443189654075e+00 -1.996588019168068051e+00
2.001431481644603494e+01 -8.808561763635459840e+00 -1.999102274381568067e+00
2.019820770151474676e+01 -9.021194304763962890e+00 -1.945656878371367249e+00
2.035683209657245030e+01 -9.200452434412140335e+00 -1.898234675272136629e+00
2.040407926429718444e+01 -9.281309428146501617e+00 -1.860602083089986314e+00
2.092747127809262864e+01 -9.679774590947998192e+00 -1.933297220059099653e+00
2.134853939904643383e+01 -1.004873785191773550e+01 -1.918224197674476050e+00
2.218612944809449772e+01 -1.064646665695949856e+01 -2.113809380156805418e+00
2.289041995836203469e+01 -1.115334401149758214e+01 -2.155582965113006733e+00
2.377200942742991074e+01 -1.182571923269027536e+01 -2.365313594383988249e+00
2.399984130649225733e+01 -1.213251338963457293e+01 -2.196924534814692187e+00
2.462490638892632688e+01 -1.261647529329766471e+01 -2.173571803422614579e+00
2.447451234030402389e+01 -1.262688947857125576e+01 -2.046349313683535343e+00
2.480956226883542115e+01 -1.285911624927865660e+01 -2.240845013795460972e+00
2.493290577593307944e+01 -1.301919986610960045e+01 -2.266159696096463172e+00
2.782450825469856071e+01 -1.511629805713694630e+01 -2.265373332244835947e+00
2.807642443864821757e+01 -1.541051167633674979e+01 -2.317336468631610469e+00
2.973724520022236817e+01 -1.660037520381639453e+01 -2.417814201543132757e+00
2.965693730703470976e+01 -1.701014831092082957e+01 -2.207190990392311480e+00
3.309340869739835256e+01 -1.943311203876372062e+01 -2.276520118488849498e+00
3.062592017439413894e+01 -1.791137167233139849e+01 -2.044341223443250311e+00
3.107806292909163659e+01 -1.832751206216201112e+01 -2.127984247610939406e+00
3.336159822529235441e+01 -2.000814988071797629e+01 -2.381273756021517585e+00
3.472066117529147533e+01 -2.108739240459719966e+01 -2.465861944468798139e+00
3.908779048784439425e+01 -2.494503643296652839e+01 -2.325402556711414270e+00
4.177410646050782361e+01 -2.696270309719870184e+01 -2.307143667938453380e+00
4.322153704564796328e+01 -2.817901973301390584e+01 -2.307688218099292143e+00
