1.000000000000000000e+17 1.000000000000000000e+17 1.000000000000000000e+17
1.000000000000000000e+17 1.000000000000000000e+17 1.000000000000000000e+17
1.000000000000000000e+17 1.000000000000000000e+17 1.000000000000000000e+17
1.000000000000000000e+17 1.000000000000000000e+17 1.000000000000000000e+17
1.000000000000000000e+17 1.000000000000000000e+17 1.000000000000000000e+17
1.000000000000000000e+17 1.000000000000000000e+17 1.000000000000000000e+17
1.000000000000000000e+17 1.000000000000000000e+17 1.000000000000000000e+17
1.000000000000000000e+17 1.000000000000000000e+17 1.000000000000000000e+17
1.000000000000000000e+17 1.000000000000000000e+17 1.000000000000000000e+17
1.000000000000000000e+17 1.000000000000000000e+17 1.000000000000000000e+17
1.000000000000000000e+17 1.000000000000000000e+17 1.000000000000000000e+17
1.000000000000000000e+17 1.000000000000000000e+17 1.000000000000000000e+17
1.000000000000000000e+17 1.000000000000000000e+17 1.000000000000000000e+17
1.000000000000000000e+17 1.000000000000000000e+17 1.000000000000000000e+17
1.000000000000000000e+17 1.000000000000000000e+17 1.000000000000000000e+17
1.000000000000000000e+17 1.000000000000000000e+17 1.000000000000000000e+17
1.000000000000000000e+17 1.000000000000000000e+17 1.000000000000000000e+17
1.000000000000000000e+17 1.000000000000000000e+17 1.000000000000000000e+17
1.000000000000000000e+17 1.000000000000000000e+17 1.000000000000000000e+17
1.000000000000000000e+17 1.000000000000000000e+17 1.000000000000000000e+17
1.000000000000000000e+17 1.000000000000000000e+17 1.000000000000000000e+17
1.000000000000000000e+17 1.000000000000000000e+17 1.000000000000000000e+17
1.000000000000000000e+17 1.000000000000000000e+17 1.000000000000000000e+17
1.000000000000000000e+17 1.000000000000000000e+17 1.000000000000000000e+17
1.000000000000000000e+17 1.000000000000000000e+17 1.000000000000000000e+17
1.000000000000000000e+17 1.000000000000000000e+17 1.000000000000000000e+17
1.000000000000000000e+17 1.000000000000000000e+17 1.000000000000000000e+17
1.000000000000000000e+17 1.000000000000000000e+17 1.000000000000000000e+17
1.000000000000000000e+17 1.000000000000000000e+17 1.000000000000000000e+17
1.000000000000000000e+17 1.000000000000000000e+17 1.000000000000000000e+17
1.000000000000000000e+17 1.000000000000000000e+17 1.000000000000000000e+17
1.000000000000000000e+17 1.000000000000000000e+17 1.000000000000000000e+17
1.000000000000000000e+17 1.000000000000000000e+17 1.000000000000000000e+17
1.000000000000000000e+17 1.000000000000000000e+17 1.000000000000000000e+17
1.000000000000000000e+17 1.000000000000000000e+17 1.000000000000000000e+17
1.000000000000000000e+17 1.000000000000000000e+17 1.000000000000000000e+17
1.000000000000000000e+17 1.000000000000000000e+17 1.000000000000000000e+17
1.000000000000000000e+17 1.000000000000000000e+17 1.000000000000000000e+17
1.000000000000000000e+17 1.000000000000000000e+17 1.000000000000000000e+17
-6.533155910649078635e+00 2.881893418485311109e+00 1.383077832903787163e+00
-6.318056746565735793e+00 2.963879964213576024e+00 1.547974332734288305e+00
-6.089626346192387629e+00 3.031050973319013853e+00 1.625556068996551584e+00
-5.838350574872124277e+00 3.084566203011767538e+00 1.642364220191281365e+00
-5.560514171290065200e+00 3.123989974690773774e+00 1.621290165607928380e+00
-5.255541570477085145e+00 3.148539193494524824e+00 1.581026873126041732e+00
-4.924524093200505881e+00 3.157715842849834420e+00 1.536046860577928941e+00
-4.569637499292462657e+00 3.151583358302568527e+00 1.496773268821396163e+00
-4.194101336832899207e+00 3.130881720438031479e+00 1.469831602207773757e+00
-3.802345717857791296e+00 3.097098625092347124e+00 1.458344208953679777e+00
-3.400049759803721816e+00 3.052529900878456104e+00 1.462255832873201822e+00
-3.018002292059735581e+00 2.994859196023255787e+00 1.528205138737854796e+00
-2.608017214551522578e+00 2.945540448270960177e+00 1.510824021539533657e+00
-2.220479091201084998e+00 2.894479021698981303e+00 1.486964888973264287e+00
-1.828856766544074031e+00 2.832972026540314658e+00 1.475858037532714384e+00
-1.428003894437741783e+00 2.777251646145655339e+00 1.468058833085509773e+00
-1.003594953329844053e+00 2.724103430049892971e+00 1.440638461503298107e+00
-6.095390450697103502e-01 2.673072033569256156e+00 1.411009269651708919e+00
-2.363145823978688442e-01 2.631718631559205157e+00 1.416155195153534052e+00
1.109406936803250393e-01 2.587784168131180174e+00 1.416885893970573740e+00
4.703433060880047867e-01 2.526728423485312902e+00 1.412962783665867583e+00
8.479682405198106787e-01 2.467550736591495042e+00 1.417606423143389360e+00
1.232344533232850425e+00 2.402948050513578959e+00 1.425311310298789547e+00
1.619419452802111525e+00 2.335309608411706428e+00 1.437468813114104460e+00
1.998180395473518889e+00 2.254810197959508322e+00 1.470220215710233536e+00
2.369377193179430741e+00 2.189876934734809044e+00 1.492618350760833712e+00
2.756415605534698443e+00 2.123229840879544916e+00 1.512042631800149639e+00
3.109842239712016010e+00 2.031630913534363536e+00 1.528696907834305563e+00
3.435670028538775789e+00 1.928582894261609670e+00 1.523531883398969056e+00
3.762160384289839676e+00 1.833007814780913680e+00 1.473936471869771614e+00
4.095746500840477644e+00 1.734039791631052374e+00 1.456984772237678971e+00
4.414371264058441824e+00 1.633153672594094274e+00 1.467185322877921916e+00
4.713615311644608674e+00 1.559792533241962209e+00 1.421644103474990262e+00
4.993232799434202285e+00 1.493709256212372827e+00 1.373766565865254474e+00
5.263263406573972958e+00 1.437220548207325255e+00 1.340176185829746736e+00
5.519258489832659542e+00 1.398201559051260645e+00 1.304642329922931721e+00
5.777663385207496560e+00 1.340212393114270650e+00 1.270960595597258491e+00
6.043862829262916847e+00 1.282141370551531656e+00 1.254948642479835952e+00
6.303636689287186456e+00 1.223647154924831559e+00 1.293782991130699278e+00
6.549884421976092774e+00 1.170597361339934084e+00 1.319774859498020536e+00
6.801530301179365523e+00 1.112024933505687319e+00 1.340237236297586954e+00
7.053859602091360870e+00 1.049815982231584233e+00 1.382410245147326577e+00
7.287068540986262555e+00 9.687704668787308071e-01 1.408992392799668814e+00
7.500815288889537413e+00 8.895069432372436635e-01 1.425124446981662185e+00
7.691561027833942354e+00 8.174348416119490146e-01 1.425787208868104727e+00
7.859458918189549337e+00 7.556082945104095616e-01 1.407561687108029647e+00
8.007116835194553417e+00 7.038826879371582468e-01 1.369493010551074308e+00
8.136594171680426868e+00 6.591409402321815048e-01 1.313616671216867093e+00
8.246499266340842738e+00 6.158643373842299651e-01 1.245476886275180384e+00
8.332548686647786695e+00 5.650705442143774127e-01 1.174903213849511019e+00
8.397500366269017746e+00 4.877847065205461741e-01 1.117440958718126431e+00
8.481886936737788929e+00 3.357605428303586659e-01 1.101280033301618388e+00
1.000000000000000000e+17 1.000000000000000000e+17 1.000000000000000000e+17
1.000000000000000000e+17 1.000000000000000000e+17 1.000000000000000000e+17
