1.987923264503479004e+00 5.884448051452636719e+00 3.367396116256713867e+00
1.019399166107177734e+00 6.036695957183837891e+00 3.423997402191162109e+00
-7.742161303758621216e-02 6.159613609313964844e+00 3.460280895233154297e+00
-1.225927472114562988e+00 6.040674686431884766e+00 3.357736110687255859e+00
1.040244936943054199e+00 6.125782489776611328e+00 3.389965295791625977e+00
1.396631449460983276e-01 6.206903934478759766e+00 3.404161214828491211e+00
-8.019053936004638672e-01 6.177119255065917969e+00 3.352519989013671875e+00
-1.728140711784362793e+00 5.978571891784667969e+00 3.211678266525268555e+00
2.926813364028930664e-01 6.245675563812255859e+00 3.365169763565063477e+00
-5.000869035720825195e-01 6.232989311218261719e+00 3.332249641418457031e+00
-1.292881965637207031e+00 6.130507946014404297e+00 3.246638774871826172e+00
-2.059060096740722656e+00 5.895950794219970703e+00 3.090986967086791992e+00
