1.000000000000000000e+17 1.000000000000000000e+17 1.000000000000000000e+17
1.000000000000000000e+17 1.000000000000000000e+17 1.000000000000000000e+17
1.000000000000000000e+17 1.000000000000000000e+17 1.000000000000000000e+17
1.000000000000000000e+17 1.000000000000000000e+17 1.000000000000000000e+17
1.000000000000000000e+17 1.000000000000000000e+17 1.000000000000000000e+17
1.000000000000000000e+17 1.000000000000000000e+17 1.000000000000000000e+17
1.000000000000000000e+17 1.000000000000000000e+17 1.000000000000000000e+17
1.000000000000000000e+17 1.000000000000000000e+17 1.000000000000000000e+17
1.000000000000000000e+17 1.000000000000000000e+17 1.000000000000000000e+17
1.000000000000000000e+17 1.000000000000000000e+17 1.000000000000000000e+17
1.000000000000000000e+17 1.000000000000000000e+17 1.000000000000000000e+17
1.000000000000000000e+17 1.000000000000000000e+17 1.000000000000000000e+17
1.000000000000000000e+17 1.000000000000000000e+17 1.000000000000000000e+17
1.000000000000000000e+17 1.000000000000000000e+17 1.000000000000000000e+17
1.000000000000000000e+17 1.000000000000000000e+17 1.000000000000000000e+17
1.000000000000000000e+17 1.000000000000000000e+17 1.000000000000000000e+17
1.000000000000000000e+17 1.000000000000000000e+17 1.000000000000000000e+17
1.000000000000000000e+17 1.000000000000000000e+17 1.000000000000000000e+17
1.000000000000000000e+17 1.000000000000000000e+17 1.000000000000000000e+17
1.000000000000000000e+17 1.000000000000000000e+17 1.000000000000000000e+17
1.000000000000000000e+17 1.000000000000000000e+17 1.000000000000000000e+17
1.000000000000000000e+17 1.000000000000000000e+17 1.000000000000000000e+17
1.000000000000000000e+17 1.000000000000000000e+17 1.000000000000000000e+17
1.000000000000000000e+17 1.000000000000000000e+17 1.000000000000000000e+17
1.000000000000000000e+17 1.000000000000000000e+17 1.000000000000000000e+17
1.000000000000000000e+17 1.000000000000000000e+17 1.000000000000000000e+17
1.000000000000000000e+17 1.000000000000000000e+17 1.000000000000000000e+17
1.000000000000000000e+17 1.000000000000000000e+17 1.000000000000000000e+17
1.000000000000000000e+17 1.000000000000000000e+17 1.000000000000000000e+17
1.000000000000000000e+17 1.000000000000000000e+17 1.000000000000000000e+17
1.000000000000000000e+17 1.000000000000000000e+17 1.000000000000000000e+17
1.000000000000000000e+17 1.000000000000000000e+17 1.000000000000000000e+17
1.000000000000000000e+17 1.000000000000000000e+17 1.000000000000000000e+17
1.000000000000000000e+17 1.000000000000000000e+17 1.000000000000000000e+17
1.000000000000000000e+17 1.000000000000000000e+17 1.000000000000000000e+17
1.000000000000000000e+17 1.000000000000000000e+17 1.000000000000000000e+17
1.000000000000000000e+17 1.000000000000000000e+17 1.000000000000000000e+17
1.000000000000000000e+17 1.000000000000000000e+17 1.000000000000000000e+17
1.000000000000000000e+17 1.000000000000000000e+17 1.000000000000000000e+17
-6.506731266766000665e+00 2.913716328638040753e+00 1.270238692955373949e+00
-6.401421356961889408e+00 2.935739114412501127e+00 1.710451224488112931e+00
-6.049922990765764119e+00 2.952027067887627254e+00 1.535000929105518885e+00
-5.886393297609560094e+00 3.052356746569908186e+00 1.504637743522686977e+00
-5.643540159391025490e+00 3.094548492427295905e+00 1.538879670883336770e+00
-5.329570165210483879e+00 3.065191514247176396e+00 1.671197308667790926e+00
-4.731468554017589589e+00 3.291712815479606480e+00 1.512513075508298943e+00
-4.448518229829896420e+00 3.225224937987957841e+00 1.424643288793656648e+00
-4.201298719182263497e+00 3.165522320033295589e+00 1.441732010091435034e+00
-3.999563940383398908e+00 3.041819434018959711e+00 1.486159437960594687e+00
-3.534871175210171135e+00 2.932067199381955369e+00 1.410377779034995616e+00
-3.126754968066791207e+00 2.843984725638512234e+00 1.464127893187905594e+00
-2.618167440379937982e+00 2.881302709290309849e+00 1.515726451497595662e+00
-2.118524491107402152e+00 2.946957243366159496e+00 1.373141113672726288e+00
-1.717508063977688737e+00 2.808943518835349984e+00 1.617913633764031633e+00
-1.448878484413518741e+00 2.809242633025719638e+00 1.527323363103648024e+00
-1.100489328315691795e+00 2.809527721471855255e+00 1.449901644591821803e+00
-7.223830877222107150e-01 2.695705167502964184e+00 1.415685242247638698e+00
-4.312891194751341528e-01 2.511852940664463851e+00 1.458021035441502411e+00
-3.516404056019793722e-02 2.509168994696284738e+00 1.114640875432511447e+00
5.496430862397972961e-01 2.524267154113144507e+00 1.091818285446444436e+00
7.927279434255123380e-01 2.349782210141205585e+00 1.689515752033559082e+00
1.280055601619255912e+00 2.444573337999892626e+00 1.599975214183953387e+00
1.630218749997590200e+00 2.388274640638502699e+00 1.491445427472264829e+00
2.020910765442124113e+00 2.253863680837704830e+00 1.542663801073363095e+00
2.247143324154768695e+00 2.269579455720219574e+00 1.497443135884942933e+00
2.582157423598981705e+00 2.055935245410332790e+00 1.446328888399132095e+00
2.976472160284953983e+00 1.918594117988195569e+00 1.236547976280876648e+00
3.504828413846446722e+00 1.819823157067814057e+00 1.496182702666220221e+00
3.749451008424721454e+00 1.836603913780337161e+00 1.503637236831837587e+00
3.986859678662237005e+00 1.749461302982840749e+00 1.546263945302753573e+00
4.429573301753267245e+00 1.697233696320145757e+00 1.536700380622622930e+00
4.703359035997498161e+00 1.579571913411701889e+00 1.475852093560544809e+00
5.030191324507359063e+00 1.451849438088643973e+00 1.519026899418196352e+00
5.136655880983054701e+00 1.364561547168435807e+00 1.269106925489075000e+00
5.382546809064530535e+00 1.326970875256747062e+00 1.216953648166978263e+00
5.821163487345446974e+00 1.328354443529772277e+00 1.146305585329950416e+00
6.058926709425401569e+00 1.271622233033055105e+00 1.219776547240314146e+00
6.255388883820364399e+00 1.241728197018334034e+00 1.282094082594415152e+00
6.543628801383242433e+00 1.236874212002527784e+00 1.311211284517494580e+00
6.768075014387136434e+00 1.179724286748269790e+00 1.474147915967489508e+00
7.078778958144524402e+00 1.011331102676242377e+00 1.529312731348114074e+00
7.295300081443071072e+00 9.362879603284770536e-01 1.443734704093287302e+00
7.503521684964567839e+00 8.384454712190224646e-01 1.406000194028222738e+00
7.704744656007782133e+00 7.839457635283052506e-01 1.399973670301083439e+00
7.885288595433800118e+00 7.902689559589154422e-01 1.362627329729089620e+00
8.002820446714439484e+00 7.453245853728901471e-01 1.236878668744168630e+00
8.195246894394189852e+00 6.940029699713642364e-01 1.244574635408806751e+00
8.298531586286545192e+00 6.402646055505484268e-01 1.376085303281119554e+00
8.346136215787566925e+00 5.293868337183509354e-01 1.335647995942033317e+00
8.436225011774137528e+00 4.460145941278977899e-01 1.076340296419535658e+00
8.497126828913065921e+00 3.874412432611551993e-01 1.056266993415189148e+00
1.000000000000000000e+17 1.000000000000000000e+17 1.000000000000000000e+17
1.000000000000000000e+17 1.000000000000000000e+17 1.000000000000000000e+17
