8.710000000000000000e+02 1.799000000000000000e+03
1.188000000000000000e+03 1.748000000000000000e+03
1.536000000000000000e+03 1.691000000000000000e+03
1.909000000000000000e+03 1.632000000000000000e+03
1.178000000000000000e+03 1.697000000000000000e+03
1.467000000000000000e+03 1.649000000000000000e+03
1.772000000000000000e+03 1.596000000000000000e+03
2.097000000000000000e+03 1.543000000000000000e+03
1.417000000000000000e+03 1.616000000000000000e+03
1.675000000000000000e+03 1.574000000000000000e+03
1.945000000000000000e+03 1.528000000000000000e+03
2.236000000000000000e+03 1.478000000000000000e+03
