1.370000000000000000e+03 1.686000000000000000e+03
1.732000000000000000e+03 1.638000000000000000e+03
2.271000000000000000e+03 1.570000000000000000e+03
1.919000000000000000e+03 1.773000000000000000e+03
2.272000000000000000e+03 1.710000000000000000e+03
2.558000000000000000e+03 1.662000000000000000e+03
2.785000000000000000e+03 1.622000000000000000e+03
2.710000000000000000e+03 1.906000000000000000e+03
3.025000000000000000e+03 1.811000000000000000e+03
3.268000000000000000e+03 1.740000000000000000e+03
3.455000000000000000e+03 1.684000000000000000e+03
