2.179000000000000000e+03 1.629000000000000000e+03
2.476000000000000000e+03 1.643000000000000000e+03
2.811000000000000000e+03 1.661000000000000000e+03
3.223000000000000000e+03 1.679000000000000000e+03
2.479000000000000000e+03 1.598000000000000000e+03
2.763000000000000000e+03 1.609000000000000000e+03
3.088000000000000000e+03 1.620000000000000000e+03
3.471000000000000000e+03 1.633000000000000000e+03
2.728000000000000000e+03 1.571000000000000000e+03
2.999000000000000000e+03 1.581000000000000000e+03
3.304000000000000000e+03 1.589000000000000000e+03
3.664000000000000000e+03 1.599000000000000000e+03
