6.290000000000000000e+02 8.500000000000000000e+02
5.680000000000000000e+02 7.640000000000000000e+02
5.370000000000000000e+02 7.160000000000000000e+02
5.190000000000000000e+02 6.850000000000000000e+02
5.070000000000000000e+02 6.630000000000000000e+02
8.760000000000000000e+02 7.860000000000000000e+02
7.620000000000000000e+02 7.270000000000000000e+02
6.940000000000000000e+02 6.900000000000000000e+02
6.500000000000000000e+02 6.660000000000000000e+02
6.190000000000000000e+02 6.480000000000000000e+02
1.096000000000000000e+03 7.110000000000000000e+02
9.590000000000000000e+02 6.810000000000000000e+02
8.680000000000000000e+02 6.580000000000000000e+02
8.040000000000000000e+02 6.420000000000000000e+02
7.560000000000000000e+02 6.290000000000000000e+02
