3.690000000000000000e+02 4.700000000000000000e+02
4.590000000000000000e+02 4.760000000000000000e+02
5.380000000000000000e+02 4.810000000000000000e+02
6.120000000000000000e+02 4.870000000000000000e+02
3.980000000000000000e+02 4.870000000000000000e+02
5.010000000000000000e+02 4.930000000000000000e+02
5.890000000000000000e+02 4.990000000000000000e+02
6.630000000000000000e+02 5.010000000000000000e+02
4.360000000000000000e+02 5.100000000000000000e+02
5.530000000000000000e+02 5.160000000000000000e+02
6.480000000000000000e+02 5.190000000000000000e+02
7.300000000000000000e+02 5.220000000000000000e+02
6.260000000000000000e+02 5.460000000000000000e+02
7.300000000000000000e+02 5.480000000000000000e+02
8.150000000000000000e+02 5.480000000000000000e+02
7.320000000000000000e+02 5.910000000000000000e+02
8.420000000000000000e+02 5.860000000000000000e+02
9.220000000000000000e+02 5.820000000000000000e+02
